0.0018553155237041193
-0.0010758832726974594
-0.0036914064533439817
-0.00048314174376012237
-0.002356529476959121
-0.004111500519158276
-0.001789376257009312
-0.00507845068021362
-0.007795385461013271
-0.006223792451898913
-0.01850712934872001
0.34400981327816027
0.08467524559110906
-0.29244677208801617
0.21222384180269582
-0.06519870337615785
-0.24939140942308313
0.3534861031420533
0.007812612873301816
-0.3341600817617518
0.21865507069586698
0.02908971671697458
-0.19795414674395317
0.26218056842085957
-0.048270562880645684
-0.28233304697322126
0.26514630138673567
0.04653131421929402
-0.23101420723023125
0.19606630571419714
-0.02619060132423101
-0.21273847787787759
0.2610799808578008
0.007858537369372698
-0.2528671397938069
0.1966945816791963
0.016976334329513065
-0.19032738275421934
0.21663545226925862
-0.018748620876522182
-0.23034763890558452
0.21805797049887587
0.026219712721058386
-0.20601795209711327
0.18528655972113484
-0.008278894841964757
-0.19734343669870213
0.2161448993781505
0.007870527259001392
-0.216401258973292
0.18559511006083085
0.012207138316739474
-0.1867147580701385
0.1950617663559342
-0.0047647482210777525
-0.20572333315158176
0.19575329885515202
0.016598568937752134
-0.19417779440732374
0.18018043915503767
0.00020547324083963758
-0.19005115574577758
0.19486017301778702
0.007876206597074997
-0.1991282003921242
0.18033754273574232
0.009948078607749267
-0.185003539901345
0.1848428018827235
0.0018590942897844798
-0.1940593594249549
0.18518808306225765
0.012041251893151639
-0.18856938093131248
0.17776178594567682
0.004224325483846769
-0.18659696807071668
0.1847780821149172
0.007878896769852872
-0.1909463452975615
0.1778471526404246
0.008878013390585693
-0.18419297476430074
0.18000231077076023
0.004996657873107324
-0.1885344002871534
0.18018358057406658
0.00988255443462549
-0.18591280299278878
0.17661612491656342
0.006127964410552522
-0.18496079791066222
0.18000242490143137
0.007880171043780138
-0.18707078658007958
0.1766675114795362
0.008371147827347158
-0.18380902849003178
0.17770948019460775
0.006482850400971074
-0.18591735277095722
0.17781306153756304
0.008860028532581055
-0.18465444242792728
0.17607345133728813
0.007029674885416171
-0.18418578130876995
0.17774030466716795
0.007880774638579169
-0.18523502253719926
0.17610874228466855
0.008131057135869924
-0.1836271618703904
0.17662341848608776
0.0071868260092742275
-0.1846777168684639
0.17669020057019225
0.008375681263714796
-0.1840583856410376
0.17581639920081216
0.007456794633071695
-0.18381867356674775
0.17666878974887368
0.007881060547333618
-0.1843654628519289
0.17584406602145464
0.008017331635528535
-0.18354101578643167
0.17610897574832052
0.0075202832458671764
-0.1840905295275661
0.17615832686169597
0.008146256976033328
-0.18377604709348816
0.1756946394489205
0.007659111546672648
-0.1836447829791723
0.17616123749758117
0.007881195977461175
-0.18395357220106234
0.1757186948943854
0.007963462452607928
-0.18350021034530073
0.17586529592153965
0.007678234358536429
-0.1838123922370869
0.17590639038280642
0.008037583906116197
-0.18364230974657403
0.175636964624573
0.007754944466796587
-0.1835624149571231
0.1759208215353283
0.00788126012594148
-0.18375846896560688
0.1756593094432901
0.00793794584205898
-0.18348088173479482
0.1757498703282181
0.007753052206680877
-0.18368064492642588
0.1757870537985582
0.007986107942997478
-0.1835789614033274
0.1756096453718783
0.007800338344168267
-0.1835233991023415
0.17580694195930846
0.007881290512159467
-0.1836660530007066
0.1756311799017567
0.007925859206807218
-0.18347172621361096
0.1756951958523132
0.007788491722749313
-0.18361823921986797
0.17573052677289525
0.00796172495392966
-0.18354895473385113
0.17559670486298273
0.007821840390533907
-0.18350491817909642
0.17575299979944248
0.007881304907641606
-0.1836222776582872
0.17561785558064003
0.007920134041341953
-0.1834673894518346
0.17566929779786733
0.007805278615705902
-0.18358867905772058
0.17570375120340032
0.007950175284349825
-0.18353474126342917
0.17559057523976662
0.007832025421521394
-0.1834961641834525
0.1757274486226379
0.00788131172885187
-0.18360154227048042
0.17561154414943303
0.007917422157333931
-0.18346533522344544
0.17565703047512216
0.007813230186002329
-0.18357467708119657
0.1756910682306625
0.007944704469991848
-0.18352800865613972
0.17558767177251866
0.007836849839804927
-0.18349201761884615
0.17571534560920554
0.007881314955739072
-0.18359172038981342
0.1756085545712267
0.00791613760884502
-0.18346436218416784
0.17565121972438646
0.007816996661858866
-0.1835680446565675
0.17568506059615174
0.00794211306492798
-0.18352481957845157
0.17558629646737245
0.007839135050744517
-0.18349005348136416
0.17570961268575047
0.00788131648369017
-0.1835870679897198
0.1756071384770621
0.00791552913506166
-0.18346390127771883
0.17564846729510464
0.007818780755769694
-0.1835649030363129
0.17568221490364522
0.00794088557449868
-0.18352330898778746
0.17558564501814544
0.007840217513148673
-0.18348912311194
0.17570689713102183
0.007881317204009974
-0.18358486425859155
0.17560646770289168
0.007915240919828648
-0.18346368295533466
0.17564716354536358
0.007819625847332645
-0.18356341491744388
0.17568086697428953
0.007940304138173815
-0.1835225934482878
0.17558533643750707
0.007840730249881744
-0.1834886824217392
0.17570561083994107
0.007881317556893919
-0.18358382039878052
0.17560614996909862
0.007915104404673912
-0.1834635795385111
0.17564654598390916
0.007820026148692705
-0.18356271002994617
0.175680228487181
0.007940028728626203
-0.18352225451235427
0.1755851902635186
0.00784097310679499
-0.18348847368179122
0.1757050015439745
0.007881317724240944
-0.18358332593925297
0.1756059994804673
0.007915039743238594
-0.1834635305494885
0.17564625346130924
0.007820215752872173
-0.18356237615080317
0.17567992605472682
0.00793989827070618
-0.18352209398290142
0.17558512104005786
0.007841088154236786
-0.18348837479425129
0.17570471294311574
0.007881317789724562
-0.18358309173345333
0.17560592818335863
0.007915009096905123
-0.18346350735373562
0.17564611489797244
0.007820305567292962
-0.18356221799331252
0.1756797827911214
0.00793983648327412
-0.18352201793459244
0.17558508824004093
0.007841142658435274
-0.18348832796618808
0.17570457623514812
0.00788131782610435
-0.1835829807969276
0.17560589440836338
0.007914994595921598
-0.18346349637431558
0.1756460492615588
0.007820348109817132
-0.18356214308005292
0.17567971492826473
0.007939807204820681
-0.18352198190405034
0.17558507270587143
0.007841168466256931
-0.18348830577451736
0.17570451148640132
0.007881317840656266
-0.18358292824268574
0.17560587841580855
0.007914987720141653
-0.18346349116472993
0.17564601816411596
0.007820368264219724
-0.18356210759520764
0.17567968279035995
0.007939793344121426
-0.1835219648492057
0.17558506534987828
0.007841180689865723
-0.18348829526803456
0.17570448081096401
0.00788131785520818
-0.1835829033589107
0.1756058708342607
0.007914984460512642
-0.1834634886981803
0.17564600345212966
0.007820377810276113
-0.1835620907804696
0.17567966757633258
0.007939786788483616
-0.18352195675106486
0.17558506186469458
0.007841186488803942
-0.18348829029127955
0.17570446628087666
0.007881317847932223
-0.1835828915500315
0.17560586726176552
0.007914982925285585
-0.1834634875121992
0.17564599646721035
0.007820382321369834
-0.18356208282057196
0.1756796603440307
0.007939783681649715
-0.18352195294573903
0.17558506020577624
0.007841189231839962
-0.18348828791931737
0.17570445938326884
0.007881317840656266
-0.18358288596209604
0.17560586555919144
0.007914982183137909
-0.18346348698833026
0.17564599314937368
0.007820384460501373
-0.18356207905162591
0.17567965695343446
0.007939782197354361
-0.1835219511121977
0.17558505943452474
0.007841190526960418
-0.18348828681337181
0.17570445612363983
0.00788131785520818
-0.1835828833427513
0.1756058647588361
0.007914981862995774
-0.18346348671184387
0.17564599159231875
0.007820385493687354
-0.18356207726174034
0.17567965532361995
0.00793978149886243
-0.18352195026818663
0.17558505905617494
0.007841191123588942
-0.18348828628950287
0.17570445461024065
0.00788131785520818
-0.1835828820912866
0.1756058643659344
0.00791498168837279
-0.18346348659542855
0.17564599085017107
0.007820385959348641
-0.18356207643228117
0.17567965456692036
0.00793978116416838
-0.1835219498461811
0.17558505886700004
0.007841191429179162
-0.1834882860421203
0.17570445386809297
0.007881317869760096
-0.18358288149465807
0.1756058641913114
0.0079149816010613
-0.18346348652266897
0.17564599053002894
0.0078203862067312
-0.18356207599572372
0.17567965418857057
0.007939781018649228
-0.18352194964245427
0.17558505879424047
0.007841191560146399
-0.18348828592570499
0.175704453518847
0.007881317869760096
-0.18358288118906785
0.17560586411855184
0.007914981571957469
-0.18346348652266897
0.17564599032630213
0.007820386308594607
-0.18356207582110073
0.1756796540284995
0.007939780931337737
-0.1835219495842466
0.17558505876513664
0.007841191632905975
-0.18348828588204924
0.17570445334422402
0.00788131785520818
-0.18358288107265253
0.17560586404579226
0.007914981528301723
-0.18346348647901323
0.17564599025354255
0.007820386337698437
-0.18356207571923733
0.17567965395573992
0.007939780902233906
-0.18352194952603895
0.17558505875058472
0.007841191662009805
-0.18348828582384158
0.17570445327146444
0.00788131785520818
-0.18358288101444487
0.17560586403124034
0.007914981542853639
-0.18346348647901323
0.1756459902098868
0.007820386381354183
-0.1835620757046854
0.17567965391208418
0.007939780902233906
-0.18352194951148704
0.1755850587214809
0.007841191662009805
-0.18348828582384158
0.1757044532278087
0.00788131785520818
-0.18358288097078912
0.17560586403124034
0.007914981542853639
-0.18346348647901323
0.1756459902098868
0.007820386395906098
-0.18356207566102967
0.17567965386842843
0.00793978088768199
-0.1835219494823832
0.1755850587214809
0.007841191705665551
-0.18348828580928966
0.1757044532278087
0.00788131785520818
-0.1835828809416853
0.17560586401668843
0.007914981528301723
-0.18346348647901323
0.17564599016623106
0.007820386410458013
-0.18356207563192584
0.17567965385387652
0.00793978085857816
-0.18352194951148704
0.1755850587214809
0.007841191720217466
-0.18348828580928966
0.17570445319870487
0.007881317869760096
-0.1835828809416853
0.17560586403124034
0.007914981542853639
-0.1834634864644613
0.17564599018078297
0.007820386352250353
-0.18356207563192584
0.17567965388298035
0.007939780916785821
-0.18352194945327938
0.17558505875058472
0.007841191662009805
-0.18348828578018583
0.1757044532278087
0.007881317869760096
-0.18358288099989295
0.17560586403124034
0.007914981542853639
-0.1834634864644613
0.1756459902098868
0.007820386381354183
-0.18356207563192584
0.17567965388298035
0.00793978088768199
-0.18352194951148704
0.1755850587214809
0.007841191720217466
-0.18348828578018583
0.1757044532278087
0.007881317869760096
-0.1835828809416853
0.17560586403124034
0.007914981542853639
-0.18346348649356514
0.17564599015167914
0.007820386410458013
-0.18356207563192584
0.17567965385387652
0.00793978085857816
-0.18352194951148704
0.1755850587214809
0.007841191691113636
-0.1834882858383935
0.17570445316960104
0.007881317840656266
-0.1835828809416853
0.1756058640021365
0.007914981513749808
-0.18346348649356514
0.1756459902098868
0.007820386381354183
-0.1835620756901335
0.17567965388298035
0.00793978085857816
-0.18352194945327938
0.17558505875058472
0.007841191662009805
-0.18348828578018583
0.1757044532278087
0.007881317869760096
-0.1835828809416853
0.17560586403124034
0.007914981542853639
-0.18346348649356514
0.17564599015167914
0.007820386410458013
-0.18356207563192584
0.17567965385387652
0.00793978085857816
-0.18352194951148704
0.1755850587214809
0.007841191691113636
-0.1834882858383935
0.1757044532278087
0.007881317898863927
-0.1835828809416853
0.17560586406034417
0.007914981571957469
-0.18346348643535748
0.17564599018078297
0.007820386352250353
-0.18356207563192584
0.17567965385387652
0.00793978085857816
-0.18352194951148704
0.1755850587214809
0.007841191691113636
-0.1834882858383935
0.17570445316960104
0.007881317840656266
-0.1835828809416853
0.1756058640021365
0.007914981513749808
-0.18346348643535748
0.1756459902098868
0.007820386381354183
-0.18356207563192584
0.17567965385387652
0.00793978085857816
-0.18352194951148704
0.1755850587214809
0.007841191691113636
-0.1834882858383935
0.17570445316960104
0.007881317840656266
-0.1835828809416853
0.1756058640021365
0.007914981513749808
-0.18346348643535748
0.1756459902098868
0.007820386381354183
-0.1835620756901335
0.17567965388298035
0.00793978088768199
-0.18352194951148704
0.1755850587214809
0.007841191720217466
-0.18348828580928966
0.17570445316960104
0.007881317840656266
-0.1835828809416853
0.1756058640021365
0.007914981513749808
-0.18346348649356514
0.1756459902098868
0.007820386381354183
-0.1835620756901335
0.17567965388298035
0.007939780916785821
-0.18352194945327938
0.17558505875058472
0.007841191720217466
-0.18348828580928966
0.17570445316960104
0.007881317840656266
-0.1835828809416853
0.17560586403124034
0.007914981542853639
-0.18346348649356514
0.1756459902098868
0.007820386410458013
-0.18356207566102967
0.17567965388298035
0.00793978085857816
-0.18352194945327938
0.17558505875058472
0.007841191662009805
-0.18348828578018583
0.1757044532278087
0.007881317869760096
-0.1835828809416853
0.17560586403124034
0.007914981542853639
-0.1834634864644613
0.17564599018078297
0.007820386410458013
-0.18356207563192584
0.17567965385387652
0.00793978085857816
-0.18352194951148704
0.1755850587214809
0.007841191691113636
-0.1834882858383935
0.17570445316960104
0.007881317840656266
-0.1835828809416853
0.1756058640021365
0.007914981513749808
-0.18346348649356514
0.1756459902098868
0.007820386410458013
-0.18356207566102967
0.17567965388298035
0.00793978085857816
-0.18352194945327938
0.1755850587214809
0.007841191691113636
-0.18348828578018583
0.1757044532278087
0.007881317898863927
-0.1835828809416853
0.1756058640021365
0.007914981513749808
-0.18346348643535748
0.1756459902098868
0.007820386381354183
-0.183562075602822
0.17567965382477269
0.00793978082947433
-0.18352194945327938
0.17558505875058472
0.007841191720217466
-0.18348828580928966
0.1757044531404972
0.007881317869760096
-0.18358288099989295
0.17560586403124034
0.007914981571957469
-0.18346348643535748
0.17564599018078297
0.007820386381354183
-0.18356207566102967
0.17567965388298035
0.007939780945889652
-0.18352194945327938
0.17558505875058472
0.007841191720217466
-0.18348828580928966
0.17570445325691253
0.007881317869760096
-0.18358288099989295
0.17560586403124034
0.007914981571957469
-0.18346348643535748
0.17564599018078297
0.007820386381354183
-0.18356207566102967
0.17567965388298035
0.00793978088768199
-0.1835219495696947
0.17558505869237706
0.007841191720217466
-0.18348828580928966
0.17570445325691253
0.007881317869760096
-0.18358288099989295
0.17560586403124034
0.007914981571957469
-0.18346348643535748
0.17564599018078297
0.007820386381354183
-0.18356207566102967
0.17567965388298035
0.00793978088768199
-0.1835219495696947
0.17558505869237706
0.007841191720217466
-0.18348828580928966
0.17570445325691253
0.007881317869760096
-0.18358288088347763
0.17560586403124034
0.007914981571957469
-0.18346348643535748
0.17564599018078297
0.007820386381354183
-0.18356207566102967
0.17567965388298035
0.00793978088768199
-0.1835219495696947
0.17558505869237706
0.007841191720217466
-0.18348828580928966
0.17570445325691253
0.007881317869760096
-0.18358288088347763
0.17560586403124034
0.007914981571957469
-0.18346348643535748
0.17564599018078297
0.007820386323146522
-0.18356207571923733
0.17567965388298035
0.00793978088768199
-0.1835219495696947
0.17558505869237706
0.007841191662009805
-0.18348828586749732
0.17570445319870487
0.007881317811552435
-0.18358288088347763
0.17560586403124034
0.007914981513749808
-0.18346348649356514
0.17564599018078297
0.007820386323146522
-0.18356207571923733
0.17567965388298035
0.00793978088768199
-0.18352194945327938
0.17558505869237706
0.007841191662009805
-0.18348828586749732
0.17570445319870487
0.007881317811552435
-0.18358288088347763
0.17560586397303268
0.007914981455542147
-0.1834634865517728
0.1756459901225753
0.007820386439561844
-0.183562075602822
0.17567965382477269
0.00793978082947433
-0.18352194945327938
0.17558505875058472
0.007841191720217466
-0.18348828580928966
0.1757044531404972
0.007881317869760096
-0.18358288099989295
0.17560586403124034
0.007914981571957469
-0.18346348643535748
0.17564599018078297
0.007820386381354183
-0.18356207566102967
0.17567965388298035
0.00793978088768199
-0.18352194951148704
0.17558505875058472
0.007841191720217466
-0.18348828580928966
0.17570445325691253
0.007881317869760096
-0.18358288088347763
0.17560586403124034
0.007914981513749808
-0.18346348649356514
0.17564599018078297
0.007820386439561844
-0.183562075602822
0.17567965382477269
0.00793978082947433
-0.18352194945327938
0.17558505875058472
0.007841191720217466
-0.18348828580928966
0.1757044531404972
0.007881317869760096
-0.18358288099989295
0.17560586403124034
0.007914981571957469
-0.18346348643535748
0.17564599018078297
0.007820386381354183
-0.18356207566102967
0.17567965388298035
0.00793978088768199
-0.1835219495696947
0.17558505869237706
0.007841191662009805
-0.18348828586749732
0.17570445319870487
0.007881317811552435
-0.18358288088347763
0.17560586397303268
0.007914981455542147
-0.18346348643535748
0.17564599023899063
0.007820386439561844
-0.18356207566102967
0.17567965388298035
0.00793978088768199
-0.1835219495696947
0.17558505869237706
0.007841191720217466
-0.18348828580928966
0.17570445319870487
0.007881317811552435
-0.18358288088347763
0.17560586403124034
0.007914981513749808
-0.1834634865517728
0.17564599023899063
0.007820386439561844
-0.18356207566102967
0.17567965388298035
0.00793978082947433
-0.18352194945327938
0.17558505875058472
0.007841191720217466
-0.18348828580928966
0.17570445325691253
0.007881317869760096
-0.18358288088347763
0.17560586403124034
0.007914981513749808
-0.18346348649356514
0.17564599018078297
0.007820386439561844
-0.183562075602822
0.17567965382477269
0.00793978082947433
-0.18352194945327938
0.17558505875058472
0.007841191720217466
-0.18348828580928966
0.17570445325691253
0.007881317869760096
-0.18358288099989295
0.17560586403124034
0.007914981571957469
-0.18346348643535748
0.17564599018078297
0.007820386323146522
-0.18356207571923733
0.17567965388298035
0.00793978088768199
-0.18352194945327938
0.17558505875058472
0.007841191720217466
-0.18348828580928966
0.1757044531404972
0.007881317869760096
-0.18358288099989295
0.17560586403124034
0.007914981571957469
-0.18346348643535748
0.17564599018078297
0.007820386381354183
-0.18356207566102967
0.17567965388298035
0.00793978088768199
-0.1835219495696947
0.17558505869237706
0.007841191662009805
-0.18348828586749732
0.17570445319870487
0.007881317811552435
-0.18358288088347763
0.17560586397303268
0.007914981455542147
-0.1834634865517728
0.17564599023899063
0.007820386439561844
-0.18356207566102967
0.17567965388298035
0.00793978082947433
-0.18352194945327938
0.17558505875058472
0.007841191720217466
-0.18348828580928966
0.17570445325691253
0.007881317869760096
-0.18358288099989295
0.17560586403124034
0.007914981571957469
-0.18346348643535748
0.17564599018078297
0.007820386323146522
-0.183562075602822
0.17567965388298035
0.00793978088768199
-0.18352194945327938
0.17558505875058472
0.007841191720217466
-0.183488285751082
0.17570445319870487
0.007881317869760096
-0.18358288099989295
0.17560586403124034
0.007914981571957469
-0.18346348643535748
0.17564599018078297
0.007820386381354183
-0.18356207566102967
0.17567965388298035
0.00793978088768199
-0.1835219495696947
0.17558505869237706
0.007841191720217466
-0.18348828580928966
0.17570445319870487
0.007881317811552435
-0.1835828809416853
0.17560586391482502
0.007914981571957469
-0.18346348637714982
0.1756459902971983
0.007820386323146522
-0.18356207571923733
0.17567965399939567
0.007939780945889652
-0.1835219495696947
0.1755850586341694
0.007841191720217466
-0.183488285751082
0.17570445325691253
0.007881317869760096
-0.18358288088347763
0.17560586391482502
0.007914981571957469
-0.18346348637714982
0.1756459902971983
0.007820386323146522
-0.18356207548640668
0.17567965399939567
0.007939780945889652
-0.1835219495696947
0.17558505875058472
0.007841191487386823
-0.18348828586749732
0.17570445325691253
0.007881317869760096
-0.18358288088347763
0.17560586414765567
0.007914981571957469
-0.18346348649356514
0.17564599018078297
0.007820386555977166
-0.183562075602822
0.17567965376656502
0.00793978082947433
-0.1835219495696947
0.17558505875058472
0.007841191720217466
-0.18348828586749732
0.1757044531404972
0.007881317753344774
-0.18358288088347763
0.17560586414765567
0.007914981455542147
-0.18346348660998046
0.17564599006436765
0.007820386323146522
-0.18356207571923733
0.17567965399939567
0.00793978082947433
-0.18352194933686405
0.17558505875058472
0.007841191720217466
-0.183488285751082
0.17570445325691253
0.007881317869760096
-0.18358288088347763
0.17560586391482502
0.007914981571957469
-0.18346348649356514
0.17564599018078297
0.007820386555977166
-0.183562075602822
0.17567965376656502
0.00793978082947433
-0.1835219495696947
0.17558505875058472
0.007841191720217466
-0.18348828586749732
0.1757044531404972
0.007881317753344774
-0.18358288088347763
0.17560586403124034
0.007914981571957469
-0.18346348637714982
0.1756459902971983
0.007820386323146522
-0.18356207571923733
0.17567965399939567
0.007939780945889652
-0.1835219495696947
0.17558505875058472
0.007841191487386823
-0.18348828586749732
0.17570445325691253
0.007881317869760096
-0.18358288088347763
0.17560586414765567
0.007914981571957469
-0.18346348649356514
0.17564599006436765
0.007820386323146522
-0.18356207571923733
0.17567965376656502
0.00793978082947433
-0.18352194933686405
0.17558505875058472
0.007841191720217466
-0.183488285751082
0.17570445325691253
0.007881317869760096
-0.18358288088347763
0.17560586391482502
0.007914981571957469
-0.18346348649356514
0.17564599006436765
0.007820386439561844
-0.183562075602822
0.17567965376656502
0.00793978082947433
-0.18352194933686405
0.17558505875058472
0.007841191720217466
-0.183488285751082
0.17570445302408189
0.007881317869760096
-0.18358288111630827
0.17560586391482502
0.007914981571957469
-0.18346348649356514
0.17564599018078297
0.007820386555977166
-0.183562075602822
0.17567965376656502
0.00793978082947433
-0.1835219495696947
0.17558505875058472
0.007841191720217466
-0.18348828586749732
0.1757044531404972
0.007881317869760096
-0.18358288111630827
0.17560586391482502
0.007914981571957469
-0.18346348637714982
0.1756459902971983
0.007820386323146522
-0.18356207548640668
0.17567965388298035
0.00793978082947433
-0.1835219495696947
0.17558505875058472
0.007841191720217466
-0.18348828586749732
0.1757044531404972
0.007881317753344774
-0.18358288099989295
0.17560586391482502
0.007914981571957469
-0.18346348637714982
0.1756459902971983
0.007820386323146522
-0.18356207571923733
0.17567965388298035
0.00793978082947433
-0.1835219495696947
0.17558505875058472
0.007841191720217466
-0.18348828586749732
0.1757044531404972
0.007881317753344774
-0.18358288088347763
0.17560586403124034
0.007914981571957469
-0.18346348637714982
0.1756459902971983
0.007820386323146522
-0.18356207571923733
0.17567965388298035
0.00793978082947433
-0.1835219495696947
0.17558505875058472
0.007841191720217466
-0.18348828586749732
0.1757044531404972
0.007881317753344774
-0.18358288088347763
0.17560586403124034
0.007914981571957469
-0.18346348637714982
0.1756459902971983
0.007820386323146522
-0.18356207571923733
0.17567965388298035
0.00793978082947433
-0.1835219495696947
0.17558505875058472
0.007841191720217466
-0.18348828586749732
0.1757044531404972
0.007881317753344774
-0.18358288088347763
0.17560586403124034
0.007914981571957469
-0.18346348637714982
0.1756459902971983
0.007820386323146522
-0.18356207548640668
0.17567965388298035
0.00793978082947433
-0.1835219495696947
0.17558505875058472
0.007841191720217466
-0.18348828586749732
0.1757044531404972
0.007881317753344774
-0.18358288099989295
0.17560586391482502
0.007914981571957469
-0.18346348637714982
0.1756459902971983
0.007820386323146522
-0.18356207548640668
0.17567965388298035
0.00793978082947433
-0.1835219495696947
0.17558505875058472
0.007841191720217466
-0.18348828586749732
0.1757044531404972
0.007881317986175418
-0.18358288099989295
0.17560586391482502
0.007914981571957469
-0.18346348637714982
0.1756459902971983
0.007820386323146522
-0.18356207548640668
0.17567965388298035
0.00793978082947433
-0.1835219495696947
0.17558505875058472
0.007841191720217466
-0.18348828586749732
0.1757044531404972
0.007881317869760096
-0.18358288111630827
0.17560586391482502
0.007914981571957469
-0.18346348637714982
0.1756459902971983
0.007820386323146522
-0.18356207548640668
0.17567965388298035
0.00793978082947433
-0.1835219495696947
0.17558505875058472
0.007841191720217466
-0.18348828586749732
0.1757044531404972
0.007881317986175418
-0.18358288099989295
0.17560586391482502
0.007914981571957469
-0.18346348637714982
0.1756459902971983
0.007820386323146522
-0.18356207548640668
0.17567965388298035
0.00793978082947433
-0.1835219495696947
0.17558505875058472
0.007841191720217466
-0.18348828586749732
0.1757044531404972
0.007881317753344774
-0.18358288099989295
0.17560586391482502
0.007914981571957469
-0.18346348637714982
0.1756459902971983
0.007820386323146522
-0.18356207548640668
0.17567965388298035
0.00793978082947433
-0.1835219495696947
0.17558505875058472
0.007841191720217466
-0.18348828586749732
0.1757044531404972
0.007881317753344774
-0.18358288088347763
0.17560586403124034
0.007914981571957469
-0.18346348637714982
0.1756459902971983
0.007820386323146522
-0.18356207571923733
0.17567965399939567
0.007939780945889652
-0.1835219495696947
0.17558505875058472
0.007841191720217466
-0.18348828586749732
0.17570445325691253
0.007881317869760096
-0.18358288088347763
0.17560586403124034
0.007914981339126825
-0.18346348637714982
0.1756459902971983
0.007820386323146522
-0.18356207571923733
0.17567965399939567
0.007939780945889652
-0.1835219495696947
0.17558505875058472
0.007841191720217466
-0.18348828586749732
0.17570445325691253
0.007881317869760096
-0.18358288088347763
0.17560586414765567
0.007914981455542147
-0.18346348660998046
0.1756459902971983
0.007820386323146522
-0.18356207571923733
0.17567965399939567
0.007939780945889652
-0.1835219495696947
0.17558505851775408
0.007841191487386823
-0.18348828586749732
0.17570445325691253
0.007881317869760096
-0.18358288088347763
0.17560586414765567
0.007914981455542147
-0.18346348660998046
0.17564599006436765
0.007820386323146522
-0.18356207571923733
0.17567965399939567
0.007939781062304974
-0.18352194945327938
0.1755850586341694
0.007841191603802145
-0.18348828586749732
0.17570445325691253
0.007881317869760096
-0.18358288088347763
0.17560586414765567
0.007914981571957469
-0.18346348649356514
0.17564599006436765
0.007820386323146522
-0.18356207571923733
0.17567965376656502
0.00793978082947433
-0.18352194933686405
0.17558505875058472
0.007841191720217466
-0.183488285751082
0.17570445325691253
0.007881317869760096
-0.18358288088347763
0.17560586391482502
0.007914981571957469
-0.18346348649356514
0.17564599006436765
0.007820386439561844
-0.183562075602822
0.17567965376656502
0.00793978082947433
-0.18352194933686405
0.17558505875058472
0.007841191720217466
-0.183488285751082
0.17570445302408189
0.007881317869760096
-0.18358288111630827
0.17560586391482502
0.007914981571957469
-0.18346348637714982
0.1756459902971983
0.007820386323146522
-0.18356207548640668
0.17567965388298035
0.00793978082947433
-0.1835219495696947
0.17558505875058472
0.007841191720217466
-0.18348828586749732
0.17570445325691253
0.007881317869760096
-0.18358288088347763
0.17560586414765567
0.007914981455542147
-0.18346348660998046
0.17564599006436765
0.007820386323146522
-0.183562075602822
0.175679654115811
0.007939781062304974
-0.18352194968611002
0.17558505851775408
0.007841191487386823
-0.18348828610032797
0.1757044531404972
0.007881317753344774
-0.1835828807670623
0.175605864264071
0.007914981339126825
-0.18346348637714982
0.1756459902971983
0.007820386439561844
-0.18356207595206797
0.17567965388298035
0.007939781062304974
-0.18352194922044873
0.17558505851775408
0.007841191487386823
-0.18348828563466668
0.17570445290766656
0.007881317986175418
-0.18358288099989295
0.17560586403124034
0.007914981804788113
-0.18346348637714982
0.1756459902971983
0.007820386439561844
-0.18356207595206797
0.17567965388298035
0.00793978082947433
-0.18352194945327938
0.17558505851775408
0.007841191487386823
-0.18348828563466668
0.17570445337332785
0.007881317986175418
-0.18358288099989295
0.17560586403124034
0.007914981804788113
-0.18346348637714982
0.1756459902971983
0.007820386439561844
-0.18356207595206797
0.17567965388298035
0.00793978082947433
-0.18352194945327938
0.17558505851775408
0.007841191487386823
-0.18348828563466668
0.17570445337332785
0.007881317986175418
-0.18358288099989295
0.17560586403124034
0.007914981804788113
-0.18346348637714982
0.1756459902971983
0.007820386439561844
-0.18356207595206797
0.17567965388298035
0.00793978082947433
-0.18352194945327938
0.17558505851775408
0.007841191487386823
-0.18348828563466668
0.17570445337332785
0.007881317986175418
-0.18358288099989295
0.17560586403124034
0.007914981804788113
-0.18346348637714982
0.1756459902971983
0.007820386439561844
-0.18356207595206797
0.17567965388298035
0.007939781062304974
-0.18352194922044873
0.17558505851775408
0.007841191487386823
-0.18348828563466668
0.17570445290766656
0.007881317986175418
-0.18358288099989295
0.17560586403124034
0.007914981339126825
-0.18346348637714982
0.1756459902971983
0.007820386439561844
-0.18356207595206797
0.17567965388298035
0.007939781062304974
-0.18352194922044873
0.17558505851775408
0.007841191487386823
-0.18348828610032797
0.1757044531404972
0.007881317753344774
-0.1835828807670623
0.175605864264071
0.007914981339126825
-0.18346348637714982
0.1756459902971983
0.007820386672392488
-0.18356207571923733
0.17567965388298035
0.007939781062304974
-0.18352194968611002
0.17558505851775408
0.007841191487386823
-0.18348828610032797
0.1757044531404972
0.007881317753344774
-0.1835828807670623
0.1756058637984097
0.007914981339126825
-0.18346348637714982
0.1756459902971983
0.0078203862067312
-0.18356207548640668
0.175679654115811
0.007939781062304974
-0.18352194968611002
0.17558505875058472
0.00784119195304811
-0.18348828586749732
0.1757044531404972
0.007881317753344774
-0.1835828812327236
0.1756058637984097
0.007914981339126825
-0.18346348637714982
0.1756459902971983
0.0078203862067312
-0.18356207548640668
0.1756796536501497
0.007939780596643686
-0.18352194945327938
0.17558505898341537
0.00784119195304811
-0.18348828563466668
0.17570445337332785
0.007881317986175418
-0.18358288099989295
0.17560586403124034
0.007914981571957469
-0.1834634868428111
0.175645989831537
0.0078203862067312
-0.18356207548640668
0.1756796536501497
0.007939780596643686
-0.18352194945327938
0.17558505898341537
0.00784119195304811
-0.18348828563466668
0.17570445337332785
0.007881317986175418
-0.18358288099989295
0.17560586403124034
0.007914981804788113
-0.18346348660998046
0.175645989831537
0.0078203862067312
-0.18356207548640668
0.1756796536501497
0.007939780596643686
-0.18352194945327938
0.17558505898341537
0.00784119195304811
-0.18348828563466668
0.17570445337332785
0.007881317986175418
-0.18358288099989295
0.17560586403124034
0.007914981804788113
-0.18346348660998046
0.17564599006436765
0.007820386439561844
-0.18356207548640668
0.1756796536501497
0.007939780596643686
-0.18352194945327938
0.17558505898341537
0.007841191487386823
-0.18348828563466668
0.17570445337332785
0.007881317986175418
-0.18358288099989295
0.17560586403124034
0.007914981804788113
-0.18346348637714982
0.1756459902971983
0.007820386439561844
-0.18356207595206797
0.17567965388298035
0.00793978082947433
-0.18352194945327938
0.17558505851775408
0.007841191487386823
-0.18348828563466668
0.17570445337332785
0.007881317986175418
-0.18358288099989295
0.17560586403124034
0.007914981804788113
-0.18346348637714982
0.1756459902971983
0.007820386439561844
-0.18356207595206797
0.17567965388298035
0.00793978082947433
-0.18352194945327938
0.17558505851775408
0.007841191487386823
-0.18348828563466668
0.17570445337332785
0.007881317986175418
-0.18358288099989295
0.17560586403124034
0.007914981804788113
-0.18346348637714982
0.1756459902971983
0.007820386439561844
-0.18356207548640668
0.17567965388298035
0.00793978082947433
-0.18352194945327938
0.17558505851775408
0.007841191487386823
-0.18348828563466668
0.17570445337332785
0.007881317986175418
-0.18358288099989295
0.17560586403124034
0.007914981804788113
-0.18346348660998046
0.17564599006436765
0.007820386439561844
-0.18356207548640668
0.1756796536501497
0.007939780596643686
-0.18352194945327938
0.17558505898341537
0.00784119195304811
-0.18348828563466668
0.17570445337332785
0.007881317986175418
-0.18358288099989295
0.17560586403124034
0.007914981804788113
-0.18346348660998046
0.175645989831537
0.0078203862067312
-0.18356207548640668
0.1756796536501497
0.007939780596643686
-0.18352194945327938
0.17558505898341537
0.00784119195304811
-0.18348828563466668
0.17570445337332785
0.007881317986175418
-0.18358288099989295
0.17560586403124034
0.007914981571957469
-0.1834634868428111
0.175645989831537
0.0078203862067312
-0.18356207548640668
0.1756796536501497
0.007939780596643686
-0.18352194945327938
0.17558505898341537
0.00784119195304811
-0.18348828586749732
0.1757044531404972
0.007881317753344774
-0.1835828812327236
0.1756058637984097
0.007914981339126825
-0.18346348637714982
0.1756459902971983
0.0078203862067312
-0.18356207548640668
0.175679654115811
0.007939781062304974
-0.18352194968611002
0.17558505875058472
0.007841191720217466
-0.18348828610032797
0.1757044531404972
0.007881317753344774
-0.1835828807670623
0.175605864264071
0.007914981339126825
-0.18346348637714982
0.1756459902971983
0.007820386672392488
-0.18356207571923733
0.17567965388298035
0.007939781062304974
-0.18352194968611002
0.17558505851775408
0.007841191487386823
-0.18348828610032797
0.17570445290766656
0.007881317986175418
-0.1835828807670623
0.175605864264071
0.007914981804788113
-0.18346348637714982
0.1756459902971983
0.007820386439561844
-0.18356207595206797
0.17567965388298035
0.00793978082947433
-0.18352194945327938
0.17558505851775408
0.007841191487386823
-0.18348828563466668
0.17570445337332785
0.007881317986175418
-0.18358288099989295
0.17560586403124034
0.007914981804788113
-0.18346348660998046
0.175645989831537
0.0078203862067312
-0.18356207548640668
0.1756796536501497
0.007939780596643686
-0.18352194945327938
0.17558505898341537
0.00784119195304811
-0.18348828586749732
0.1757044531404972
0.007881317753344774
-0.1835828812327236
0.1756058637984097
0.007914981339126825
-0.18346348637714982
0.1756459902971983
0.0078203862067312
-0.18356207548640668
0.175679654115811
0.007939781062304974
-0.18352194968611002
0.17558505851775408
0.007841191487386823
-0.18348828610032797
0.1757044531404972
0.007881317753344774
-0.1835828807670623
0.175605864264071
0.007914981339126825
-0.18346348637714982
0.1756459902971983
0.007820386439561844
-0.18356207595206797
0.17567965388298035
0.00793978082947433
-0.18352194945327938
0.17558505851775408
0.007841191487386823
-0.18348828563466668
0.17570445337332785
0.007881317986175418
-0.18358288099989295
0.17560586403124034
0.007914981804788113
-0.18346348660998046
0.175645989831537
0.0078203862067312
-0.18356207548640668
0.1756796536501497
0.007939780596643686
-0.18352194945327938
0.17558505898341537
0.00784119195304811
-0.18348828586749732
0.1757044531404972
0.007881317753344774
-0.1835828807670623
0.1756058637984097
0.007914981339126825
-0.18346348637714982
0.1756459902971983
0.007820386672392488
-0.18356207571923733
0.17567965388298035
0.007939781062304974
-0.18352194968611002
0.17558505851775408
0.007841191487386823
-0.18348828610032797
0.17570445290766656
0.007881317986175418
-0.18358288099989295
0.17560586403124034
0.007914981804788113
-0.18346348637714982
0.1756459902971983
0.007820386439561844
-0.18356207595206797
0.17567965388298035
0.00793978082947433
-0.18352194945327938
0.17558505898341537
0.00784119195304811
-0.18348828563466668
0.17570445337332785
0.007881317986175418
-0.18358288099989295
0.17560586403124034
0.007914981571957469
-0.1834634868428111
0.1756459902971983
0.0078203862067312
-0.18356207548640668
0.175679654115811
0.007939781062304974
-0.18352194968611002
0.17558505875058472
0.007841191720217466
-0.18348828610032797
0.1757044531404972
0.007881317753344774
-0.1835828807670623
0.175605864264071
0.007914981339126825
-0.18346348637714982
0.1756459902971983
0.007820386672392488
-0.18356207571923733
0.17567965388298035
0.007939781062304974
-0.18352194922044873
0.17558505851775408
0.007841191487386823
-0.18348828563466668
0.17570445290766656
0.007881317986175418
-0.18358288099989295
0.17560586403124034
0.007914981804788113
-0.18346348637714982
0.1756459902971983
0.007820386439561844
-0.18356207548640668
0.1756796536501497
0.007939780596643686
-0.18352194945327938
0.17558505898341537
0.00784119195304811
-0.18348828563466668
0.17570445337332785
0.007881317986175418
-0.18358288099989295
0.1756058637984097
0.007914981339126825
-0.1834634868428111
0.1756459902971983
0.0078203862067312
-0.18356207548640668
0.175679654115811
0.007939781062304974
-0.18352194968611002
0.17558505875058472
0.007841191720217466
-0.18348828610032797
0.1757044531404972
0.007881317753344774
-0.1835828807670623
0.175605864264071
0.007914981339126825
-0.18346348637714982
0.1756459902971983
0.007820386672392488
-0.18356207571923733
0.17567965388298035
0.007939781062304974
-0.18352194922044873
0.17558505851775408
0.007841191487386823
-0.18348828563466668
0.17570445290766656
0.007881317986175418
-0.18358288099989295
0.17560586403124034
0.007914981804788113
-0.18346348637714982
0.1756459902971983
0.007820386439561844
-0.18356207548640668
0.1756796536501497
0.007939780596643686
-0.18352194945327938
0.17558505898341537
0.00784119195304811
-0.18348828563466668
0.17570445337332785
0.007881317986175418
-0.18358288099989295
0.17560586403124034
0.007914981571957469
-0.1834634868428111
0.175645989831537
0.0078203862067312
-0.18356207548640668
0.175679654115811
0.007939780596643686
-0.18352194945327938
0.17558505898341537
0.00784119195304811
-0.18348828586749732
0.1757044531404972
0.007881317753344774
-0.1835828807670623
0.1756058637984097
0.007914981339126825
-0.18346348637714982
0.1756459902971983
0.007820386672392488
-0.18356207571923733
0.17567965388298035
0.007939781062304974
-0.18352194968611002
0.17558505851775408
0.007841191487386823
-0.18348828610032797
0.1757044531404972
0.007881317753344774
-0.1835828807670623
0.175605864264071
0.007914981339126825
-0.18346348637714982
0.1756459902971983
0.007820386439561844
-0.18356207595206797
0.17567965388298035
0.007939781062304974
-0.18352194922044873
0.17558505851775408
0.007841191487386823
-0.18348828563466668
0.17570445337332785
0.007881317986175418
-0.18358288099989295
0.17560586403124034
0.007914981804788113
-0.18346348637714982
0.1756459902971983
0.007820386439561844
-0.18356207548640668
0.17567965388298035
0.00793978082947433
-0.18352194945327938
0.17558505828492343
0.007841191254556179
-0.18348828610032797
0.1757044536061585
0.007881318219006062
-0.18358288053423166
0.1756058637984097
0.007914980873465538
-0.18346348637714982
0.1756459902971983
0.007820386905223131
-0.18356207525357604
0.17567965388298035
0.007939781527966261
-0.18352194968611002
0.17558505851775408
0.007841191720217466
-0.18348828610032797
0.17570445267483592
0.007881317287683487
-0.18358288099989295
0.17560586472973228
0.007914981804788113
-0.18346348637714982
0.1756459902971983
0.007820386439561844
-0.18356207618489861
0.17567965388298035
0.007939780596643686
-0.18352194968611002
0.17558505851775408
0.007841191254556179
-0.18348828610032797
0.1757044531404972
0.007881317753344774
-0.18358288053423166
0.1756058637984097
0.007914980873465538
-0.18346348637714982
0.1756459902971983
0.007820386439561844
-0.18356207571923733
0.17567965388298035
0.007939781527966261
-0.18352194968611002
0.17558505851775408
0.007841191720217466
-0.18348828610032797
0.17570445267483592
0.007881317287683487
-0.18358288099989295
0.17560586472973228
0.007914981804788113
-0.18346348637714982
0.1756459902971983
0.007820386439561844
-0.18356207618489861
0.17567965388298035
0.007939780596643686
-0.18352194968611002
0.17558505851775408
0.007841191254556179
-0.1834882851690054
0.1757044531404972
0.007881317753344774
-0.18358288053423166
0.1756058637984097
0.007914980873465538
-0.18346348637714982
0.1756459902971983
0.007820386439561844
-0.18356207571923733
0.17567965388298035
0.007939781527966261
-0.18352194875478745
0.17558505851775408
0.007841191720217466
-0.18348828610032797
0.1757044536061585
0.007881318219006062
-0.18358288146555424
0.175605864264071
0.007914981804788113
-0.18346348637714982
0.1756459902971983
0.007820386439561844
-0.18356207618489861
0.17567965388298035
0.007939780596643686
-0.18352194968611002
0.17558505851775408
0.007841191254556179
-0.1834882851690054
0.1757044531404972
0.007881317753344774
-0.18358288053423166
0.1756058637984097
0.007914981804788113
-0.18346348637714982
0.1756459902971983
0.007820386439561844
-0.18356207571923733
0.17567965341731906
0.007939780596643686
-0.18352194922044873
0.17558505944907665
0.007841191720217466
-0.18348828610032797
0.1757044536061585
0.007881318219006062
-0.18358288146555424
0.175605864264071
0.007914981339126825
-0.1834634873084724
0.17564598936587572
0.007820385973900557
-0.18356207525357604
0.17567965388298035
0.007939780596643686
-0.18352194968611002
0.17558505851775408
0.007841192185878754
-0.18348828563466668
0.17570445267483592
0.007881317287683487
-0.18358288099989295
0.1756058637984097
0.007914981804788113
-0.18346348637714982
0.1756459902971983
0.007820386439561844
-0.18356207571923733
0.17567965434864163
0.007939780596643686
-0.18352194968611002
0.17558505851775408
0.007841191254556179
-0.18348828610032797
0.1757044536061585
0.007881318219006062
-0.18358288053423166
0.1756058637984097
0.007914980873465538
-0.18346348637714982
0.1756459902971983
0.007820386905223131
-0.18356207525357604
0.17567965388298035
0.007939781527966261
-0.18352194968611002
0.17558505851775408
0.007841191720217466
-0.18348828610032797
0.17570445267483592
0.007881317287683487
-0.18358288099989295
0.17560586472973228
0.007914981804788113
-0.18346348637714982
0.1756459902971983
0.007820386439561844
-0.18356207618489861
0.17567965388298035
0.007939780596643686
-0.18352194968611002
0.17558505851775408
0.007841191254556179
-0.1834882851690054
0.1757044531404972
0.007881317753344774
-0.18358288053423166
0.1756058637984097
0.007914981804788113
-0.18346348637714982
0.1756459902971983
0.007820386439561844
-0.18356207571923733
0.17567965388298035
0.007939781062304974
-0.18352194922044873
0.17558505851775408
0.007841191720217466
-0.18348828610032797
0.1757044536061585
0.007881318219006062
-0.18358288146555424
0.175605864264071
0.007914981804788113
-0.1834634868428111
0.175645989831537
0.007820386439561844
-0.18356207525357604
0.17567965388298035
0.007939780596643686
-0.18352194968611002
0.17558505851775408
0.007841192185878754
-0.1834882851690054
0.1757044531404972
0.007881317753344774
-0.18358288053423166
0.1756058637984097
0.007914981804788113
-0.18346348637714982
0.1756459902971983
0.007820386439561844
-0.18356207571923733
0.17567965341731906
0.007939780596643686
-0.18352194922044873
0.17558505944907665
0.007841191720217466
-0.18348828610032797
0.1757044536061585
0.007881318219006062
-0.18358288146555424
0.1756058637984097
0.007914980873465538
-0.18346348637714982
0.1756459902971983
0.007820385973900557
-0.18356207525357604
0.17567965388298035
0.007939780596643686
-0.18352194968611002
0.17558505851775408
0.007841192185878754
-0.18348828563466668
0.17570445267483592
0.007881317287683487
-0.18358288099989295
0.1756058637984097
0.007914981804788113
-0.18346348637714982
0.1756459902971983
0.007820386439561844
-0.18356207571923733
0.17567965434864163
0.007939780596643686
-0.18352194968611002
0.17558505851775408
0.007841191254556179
-0.18348828610032797
0.1757044536061585
0.007881318219006062
-0.18358288053423166
0.1756058637984097
0.007914980873465538
-0.18346348637714982
0.1756459902971983
0.007820386905223131
-0.18356207525357604
0.17567965388298035
0.007939781527966261
-0.18352194968611002
0.17558505851775408
0.007841191720217466
-0.18348828610032797
0.17570445267483592
0.007881317287683487
-0.18358288099989295
0.17560586472973228
0.007914981804788113
-0.18346348637714982
0.1756459902971983
0.007820386439561844
-0.18356207618489861
0.17567965388298035
0.007939780596643686
-0.18352194968611002
0.17558505851775408
0.007841191254556179
-0.18348828610032797
0.1757044536061585
0.007881318219006062
-0.18358288053423166
0.1756058637984097
0.007914980873465538
-0.18346348637714982
0.1756459902971983
0.007820386905223131
-0.18356207525357604
0.17567965388298035
0.007939781527966261
-0.18352194968611002
0.17558505851775408
0.007841191720217466
-0.18348828610032797
0.17570445267483592
0.007881317287683487
-0.18358288099989295
0.17560586472973228
0.007914981804788113
-0.18346348637714982
0.1756459902971983
0.007820386439561844
-0.18356207618489861
0.17567965388298035
0.007939780596643686
-0.18352194968611002
0.17558505851775408
0.007841191254556179
-0.18348828610032797
0.1757044536061585
0.007881318219006062
-0.18358288053423166
0.1756058637984097
0.007914980873465538
-0.18346348637714982
0.1756459902971983
0.007820386905223131
-0.18356207525357604
0.17567965388298035
0.007939781527966261
-0.18352194968611002
0.17558505851775408
0.007841191720217466
-0.18348828610032797
0.17570445267483592
0.007881317287683487
-0.18358288099989295
0.1756058637984097
0.007914981804788113
-0.18346348637714982
0.1756459902971983
0.007820386439561844
-0.18356207571923733
0.17567965434864163
0.007939780596643686
-0.18352194968611002
0.17558505898341537
0.007841191720217466
-0.18348828610032797
0.1757044536061585
0.007881318219006062
-0.18358288146555424
0.1756058637984097
0.007914980873465538
-0.18346348637714982
0.1756459902971983
0.007820385973900557
-0.18356207525357604
0.17567965388298035
0.007939780596643686
-0.18352194968611002
0.17558505851775408
0.007841192185878754
-0.1834882851690054
0.1757044531404972
0.007881317753344774
-0.18358288053423166
0.1756058637984097
0.007914981804788113
-0.18346348637714982
0.1756459902971983
0.007820386439561844
-0.18356207571923733
0.17567965388298035
0.007939781062304974
-0.18352194922044873
0.17558505851775408
0.007841191720217466
-0.18348828610032797
0.1757044536061585
0.007881318219006062
-0.18358288146555424
0.175605864264071
0.007914981804788113
-0.18346348637714982
0.1756459902971983
0.007820386439561844
-0.18356207618489861
0.17567965388298035
0.007939780596643686
-0.18352194968611002
0.17558505851775408
0.007841191254556179
-0.18348828610032797
0.1757044536061585
0.007881318219006062
-0.18358288053423166
0.1756058637984097
0.007914980873465538
-0.18346348637714982
0.1756459902971983
0.007820386905223131
-0.18356207525357604
0.17567965388298035
0.007939781527966261
-0.18352194968611002
0.17558505851775408
0.007841192185878754
-0.18348828563466668
0.17570445267483592
0.007881317287683487
-0.18358288099989295
0.1756058637984097
0.007914981804788113
-0.18346348637714982
0.1756459902971983
0.007820386439561844
-0.18356207571923733
0.17567965341731906
0.007939780596643686
-0.18352194922044873
0.17558505944907665
0.007841191720217466
-0.18348828610032797
0.1757044536061585
0.007881318219006062
-0.18358288146555424
0.175605864264071
0.007914981804788113
-0.18346348637714982
0.1756459902971983
0.007820386439561844
-0.18356207618489861
0.17567965388298035
0.007939780596643686
-0.18352194968611002
0.17558505851775408
0.007841191254556179
-0.1834882851690054
0.1757044531404972
0.007881317753344774
-0.18358288053423166
0.1756058637984097
0.007914980873465538
-0.18346348637714982
0.1756459902971983
0.007820386905223131
-0.18356207525357604
0.17567965388298035
0.007939781527966261
-0.18352194968611002
0.17558505851775408
0.007841191720217466
-0.18348828610032797
0.17570445267483592
0.007881317287683487
-0.18358288099989295
0.1756058637984097
0.007914981804788113
-0.18346348637714982
0.1756459902971983
0.007820386439561844
-0.18356207571923733
0.17567965434864163
0.007939780596643686
-0.18352194922044873
0.17558505944907665
0.007841191720217466
-0.18348828610032797
0.1757044536061585
0.007881318219006062
-0.18358288146555424
0.175605864264071
0.007914981804788113
-0.1834634868428111
0.175645989831537
0.007820386439561844
-0.18356207525357604
0.17567965388298035
0.007939780596643686
-0.18352194968611002
0.17558505851775408
0.007841191254556179
-0.1834882851690054
0.1757044531404972
0.007881317753344774
-0.18358288053423166
0.1756058637984097
0.007914980873465538
-0.18346348637714982
0.1756459902971983
0.007820386439561844
-0.18356207571923733
0.17567965388298035
0.007939781527966261
-0.18352194968611002
0.17558505851775408
0.007841191720217466
-0.18348828610032797
0.17570445267483592
0.007881317287683487
-0.18358288099989295
0.17560586472973228
0.007914981804788113
-0.18346348637714982
0.1756459902971983
0.007820386439561844
-0.18356207571923733
0.17567965434864163
0.007939780596643686
-0.18352194922044873
0.17558505944907665
0.007841191720217466
-0.18348828610032797
0.1757044536061585
0.007881318219006062
-0.18358288146555424
0.175605864264071
0.007914981339126825
-0.1834634873084724
0.17564598936587572
0.007820385973900557
-0.18356207525357604
0.17567965388298035
0.007939780596643686
-0.18352194968611002
0.17558505851775408
0.007841192185878754
-0.1834882851690054
0.1757044531404972
0.007881317753344774
-0.18358288053423166
0.1756058637984097
0.007914981804788113
-0.18346348637714982
0.1756459902971983
0.007820386439561844
-0.18356207571923733
0.17567965388298035
0.007939781527966261
-0.18352194875478745
0.17558505851775408
0.007841191720217466
-0.18348828610032797
0.17570445267483592
0.007881318219006062
-0.18358288099989295
0.17560586472973228
0.007914981804788113
-0.18346348637714982
0.1756459902971983
0.007820386439561844
-0.18356207618489861
0.17567965388298035
0.007939780596643686
-0.18352194968611002
0.17558505851775408
0.007841191254556179
-0.18348828610032797
0.1757044536061585
0.007881318219006062
-0.18358288053423166
0.1756058637984097
0.007914980873465538
-0.18346348637714982
0.1756459902971983
0.007820386905223131
-0.18356207525357604
0.17567965388298035
0.007939781527966261
-0.18352194968611002
0.17558505851775408
0.007841191720217466
-0.18348828610032797
0.17570445267483592
0.007881317287683487
-0.18358288099989295
0.1756058637984097
0.007914981804788113
-0.18346348637714982
0.1756459902971983
0.007820386439561844
-0.18356207571923733
0.17567965434864163
0.007939780596643686
-0.18352194922044873
0.17558505944907665
0.007841191720217466
-0.18348828610032797
0.1757044536061585
0.007881318219006062
-0.18358288146555424
0.1756058637984097
0.007914980873465538
-0.18346348637714982
0.1756459902971983
0.007820385973900557
-0.18356207525357604
0.17567965388298035
0.007939780596643686
-0.18352194968611002
0.17558505851775408
0.007841192185878754
-0.1834882851690054
0.1757044531404972
0.007881317753344774
-0.18358288053423166
0.1756058637984097
0.007914981804788113
-0.18346348637714982
0.1756459902971983
0.007820386439561844
-0.18356207571923733
0.17567965341731906
0.007939780596643686
-0.18352194922044873
0.17558505944907665
0.007841191720217466
-0.18348828610032797
0.1757044536061585
0.007881318219006062
-0.18358288146555424
0.1756058637984097
0.007914980873465538
-0.1834634873084724
0.1756459902971983
0.007820385973900557
-0.18356207525357604
0.17567965388298035
0.007939780596643686
-0.18352194968611002
0.17558505851775408
0.007841192185878754
-0.1834882851690054
0.1757044531404972
0.007881317753344774
-0.18358288053423166
0.1756058637984097
0.007914981804788113
-0.18346348637714982
0.1756459902971983
0.007820386439561844
-0.18356207571923733
0.17567965341731906
0.007939780596643686
-0.18352194922044873
0.17558505944907665
0.007841191720217466
-0.18348828610032797
0.1757044536061585
0.007881318219006062
-0.18358288146555424
0.1756058637984097
0.007914980873465538
-0.18346348637714982
0.1756459902971983
0.007820385973900557
-0.18356207525357604
0.17567965388298035
0.007939780596643686
-0.18352194968611002
0.17558505851775408
0.007841192185878754
-0.18348828563466668
0.17570445267483592
0.007881317287683487
-0.18358288099989295
0.1756058637984097
0.007914981804788113
-0.18346348637714982
0.1756459902971983
0.007820386439561844
-0.18356207571923733
0.17567965434864163
0.007939780596643686
-0.18352194922044873
0.17558505944907665
0.007841191720217466
-0.18348828610032797
0.1757044536061585
0.007881318219006062
-0.18358288146555424
0.1756058637984097
0.007914980873465538
-0.18346348637714982
0.1756459902971983
0.007820385973900557
-0.18356207525357604
0.17567965388298035
0.007939781527966261
-0.18352194968611002
0.17558505851775408
0.007841191720217466
-0.18348828610032797
0.17570445267483592
0.007881317287683487
-0.18358288099989295
0.1756058637984097
0.007914981804788113
-0.18346348637714982
0.1756459902971983
0.007820386439561844
-0.18356207618489861
0.17567965388298035
0.007939780596643686
-0.18352194968611002
0.17558505851775408
0.007841191254556179
-0.18348828610032797
0.1757044536061585
0.007881318219006062
-0.18358288053423166
0.1756058637984097
0.007914980873465538
-0.18346348637714982
0.1756459902971983
0.007820386439561844
-0.18356207571923733
0.17567965388298035
0.007939781527966261
-0.18352194875478745
0.17558505851775408
0.007841191720217466
-0.18348828610032797
0.17570445267483592
0.007881318219006062
-0.18358288146555424
0.175605864264071
0.007914981804788113
-0.18346348637714982
0.1756459902971983
0.007820386439561844
-0.18356207618489861
0.17567965388298035
0.007939780596643686
-0.18352194968611002
0.17558505851775408
0.007841191254556179
-0.1834882851690054
0.1757044531404972
0.007881317753344774
-0.18358288053423166
0.1756058637984097
0.007914981804788113
-0.18346348637714982
0.1756459902971983
0.007820386439561844
-0.18356207571923733
0.17567965341731906
0.007939780596643686
-0.18352194922044873
0.17558505944907665
0.007841191720217466
-0.18348828610032797
0.1757044536061585
0.007881318219006062
-0.18358288146555424
0.1756058637984097
0.007914980873465538
-0.18346348637714982
0.1756459902971983
0.007820385973900557
-0.18356207525357604
0.17567965388298035
0.007939781527966261
-0.18352194968611002
0.17558505851775408
0.007841191720217466
-0.18348828610032797
0.17570445267483592
0.007881317287683487
-0.18358288099989295
0.17560586472973228
0.007914981804788113
-0.18346348637714982
0.1756459902971983
0.007820386439561844
-0.18356207618489861
0.17567965388298035
0.007939780596643686
-0.18352194968611002
0.17558505851775408
0.007841191254556179
-0.1834882851690054
0.1757044531404972
0.007881317753344774
-0.18358288053423166
0.1756058637984097
0.007914981804788113
-0.18346348637714982
0.1756459902971983
0.007820386439561844
-0.18356207571923733
0.17567965388298035
0.007939781062304974
-0.18352194922044873
0.17558505944907665
0.007841191720217466
-0.18348828610032797
0.1757044536061585
0.007881318219006062
-0.18358288146555424
0.175605864264071
0.007914981804788113
-0.1834634868428111
0.17564598936587572
0.007820386439561844
-0.18356207571923733
0.17567965388298035
0.007939781062304974
-0.18352194875478745
0.17558506038039923
0.007841191254556179
-0.18348828703165054
0.1757044531404972
0.007881318219006062
-0.18358288053423166
0.17560586519539356
0.007914981804788113
-0.18346348777413368
0.17564598936587572
0.00782038550823927
-0.18356207571923733
0.17567965388298035
0.007939781062304974
-0.18352194968611002
0.17558505851775408
0.007841192185878754
-0.1834882851690054
0.17570445220917463
0.007881316356360912
-0.18358288146555424
0.175605864264071
0.007914980873465538
-0.18346348591148853
0.17564599122852087
0.007820387370884418
-0.18356207571923733
0.17567965481430292
0.007939780130982399
-0.18352194968611002
0.17558505851775408
0.007841192185878754
-0.1834882851690054
0.17570445407181978
0.007881318219006062
-0.1835828823968768
0.1756058633327484
0.007914980873465538
-0.1834634868428111
0.17564598936587572
0.007820386439561844
-0.18356207478791475
0.17567965388298035
0.007939781993627548
-0.18352194968611002
0.17558505851775408
0.007841192185878754
-0.18348828610032797
0.1757044531404972
0.007881318219006062
-0.18358288053423166
0.1756058633327484
0.007914982736110687
-0.1834634868428111
0.17564598936587572
0.00782038550823927
-0.18356207571923733
0.17567965388298035
0.007939781062304974
-0.18352194968611002
0.17558505944907665
0.007841191254556179
-0.18348828703165054
0.1757044531404972
0.007881318219006062
-0.18358288053423166
0.175605864264071
0.007914980873465538
-0.18346348591148853
0.17564599122852087
0.00782038550823927
-0.18356207571923733
0.17567965388298035
0.007939781062304974
-0.18352194968611002
0.17558505851775408
0.007841192185878754
-0.1834882851690054
0.17570445220917463
0.007881316356360912
-0.18358288146555424
0.175605864264071
0.007914980873465538
-0.18346348591148853
0.17564599122852087
0.007820387370884418
-0.18356207571923733
0.17567965481430292
0.007939780130982399
-0.18352194968611002
0.17558505851775408
0.007841192185878754
-0.1834882851690054
0.17570445407181978
0.007881318219006062
-0.1835828823968768
0.1756058633327484
0.007914980873465538
-0.1834634868428111
0.17564598936587572
0.007820386439561844
-0.18356207478791475
0.17567965388298035
0.007939780130982399
-0.18352194968611002
0.17558505851775408
0.007841192185878754
-0.1834882851690054
0.17570445407181978
0.007881318219006062
-0.18358288053423166
0.1756058633327484
0.007914982736110687
-0.1834634868428111
0.17564598936587572
0.00782038550823927
-0.18356207571923733
0.17567965388298035
0.007939781062304974
-0.18352194875478745
0.17558506038039923
0.007841191254556179
-0.18348828703165054
0.1757044531404972
0.007881318219006062
-0.18358288053423166
0.17560586519539356
0.007914982736110687
-0.1834634868428111
0.17564598936587572
0.00782038550823927
-0.18356207571923733
0.17567965388298035
0.007939781062304974
-0.18352194968611002
0.17558505851775408
0.007841192185878754
-0.1834882851690054
0.17570445220917463
0.007881317287683487
-0.18358288053423166
0.175605864264071
0.007914980873465538
-0.18346348591148853
0.17564599122852087
0.007820387370884418
-0.18356207571923733
0.17567965388298035
0.007939781062304974
-0.18352194968611002
0.17558505851775408
0.007841192185878754
-0.1834882851690054
0.17570445220917463
0.007881318219006062
-0.18358288146555424
0.175605864264071
0.007914980873465538
-0.18346348591148853
0.17564599122852087
0.007820387370884418
-0.1835620766505599
0.17567965388298035
0.007939780130982399
-0.18352194968611002
0.17558505851775408
0.007841192185878754
-0.1834882851690054
0.17570445407181978
0.007881318219006062
-0.18358288053423166
0.1756058633327484
0.007914980873465538
-0.1834634868428111
0.17564598936587572
0.007820386439561844
-0.18356207478791475
0.17567965388298035
0.007939781993627548
-0.18352194968611002
0.17558505851775408
0.007841192185878754
-0.18348828610032797
0.1757044531404972
0.007881318219006062
-0.18358288053423166
0.1756058633327484
0.007914982736110687
-0.1834634868428111
0.17564598936587572
0.00782038550823927
-0.18356207571923733
0.17567965388298035
0.007939781062304974
-0.18352194875478745
0.17558506038039923
0.007841191254556179
-0.18348828703165054
0.1757044531404972
0.007881318219006062
-0.18358288053423166
0.17560586519539356
0.007914982736110687
-0.1834634868428111
0.17564598936587572
0.00782038550823927
-0.18356207571923733
0.17567965388298035
0.007939781062304974
-0.18352194968611002
0.17558505851775408
0.007841190323233604
-0.1834882851690054
0.17570445220917463
0.007881317287683487
-0.18358288053423166
0.175605864264071
0.007914980873465538
-0.18346348591148853
0.17564599122852087
0.007820387370884418
-0.18356207571923733
0.17567965388298035
0.007939781062304974
-0.18352194968611002
0.17558505851775408
0.007841192185878754
-0.1834882851690054
0.17570445220917463
0.007881316356360912
-0.18358288146555424
0.175605864264071
0.007914980873465538
-0.18346348591148853
0.17564599122852087
0.007820387370884418
-0.18356207571923733
0.17567965295165777
0.007939780130982399
-0.18352194968611002
0.17558505851775408
0.007841192185878754
-0.1834882851690054
0.17570445407181978
0.007881318219006062
-0.1835828823968768
0.1756058633327484
0.007914980873465538
-0.18346348591148853
0.17564599122852087
0.007820387370884418
-0.1835620766505599
0.17567965388298035
0.007939780130982399
-0.18352194968611002
0.17558505851775408
0.007841192185878754
-0.1834882851690054
0.17570445407181978
0.007881318219006062
-0.18358288053423166
0.1756058633327484
0.007914980873465538
-0.1834634868428111
0.17564598936587572
0.007820386439561844
-0.18356207478791475
0.17567965388298035
0.007939781993627548
-0.18352194968611002
0.17558505851775408
0.007841192185878754
-0.18348828610032797
0.1757044531404972
0.007881318219006062
-0.18358288053423166
0.1756058633327484
0.007914982736110687
-0.1834634868428111
0.17564598936587572
0.00782038550823927
-0.18356207571923733
0.17567965388298035
0.007939781062304974
-0.18352194875478745
0.17558506038039923
0.007841191254556179
-0.18348828703165054
0.1757044531404972
0.007881318219006062
-0.18358288053423166
0.17560586519539356
0.007914982736110687
-0.1834634868428111
0.17564598936587572
0.00782038550823927
-0.18356207571923733
0.17567965388298035
0.007939781062304974
-0.18352194968611002
0.17558505851775408
0.007841190323233604
-0.18348828703165054
0.17570445220917463
0.007881317287683487
-0.18358288053423166
0.175605864264071
0.007914980873465538
-0.18346348591148853
0.17564599122852087
0.007820387370884418
-0.18356207571923733
0.17567965388298035
0.007939781062304974
-0.18352194968611002
0.17558505851775408
0.007841192185878754
-0.1834882851690054
0.17570445220917463
0.007881316356360912
-0.18358288146555424
0.175605864264071
0.007914980873465538
-0.18346348591148853
0.17564599122852087
0.007820387370884418
-0.18356207571923733
0.17567965295165777
0.007939780130982399
-0.18352194968611002
0.17558505851775408
0.007841192185878754
-0.1834882851690054
0.17570445407181978
0.007881318219006062
-0.1835828823968768
0.1756058633327484
0.007914980873465538
-0.18346348591148853
0.17564599122852087
0.007820387370884418
-0.1835620766505599
0.17567965388298035
0.007939780130982399
-0.18352194968611002
0.17558505851775408
0.007841192185878754
-0.1834882851690054
0.17570445407181978
0.007881318219006062
-0.18358288053423166
0.1756058633327484
0.007914980873465538
-0.1834634868428111
0.17564598936587572
0.007820386439561844
-0.18356207478791475
0.17567965388298035
0.007939781993627548
-0.18352194968611002
0.17558505851775408
0.007841192185878754
-0.18348828610032797
0.1757044531404972
0.007881318219006062
-0.18358288053423166
0.1756058633327484
0.007914982736110687
-0.1834634868428111
0.17564598936587572
0.00782038550823927
-0.18356207571923733
0.17567965388298035
0.007939781062304974
-0.18352194875478745
0.17558506038039923
0.007841191254556179
-0.18348828703165054
0.1757044531404972
0.007881318219006062
-0.18358288053423166
0.17560586519539356
0.007914982736110687
-0.1834634868428111
0.17564598936587572
0.00782038550823927
-0.18356207571923733
0.17567965388298035
0.007939781062304974
-0.18352194968611002
0.17558505851775408
0.007841190323233604
-0.18348828703165054
0.1757044531404972
0.007881318219006062
-0.18358288053423166
0.175605864264071
0.007914980873465538
-0.18346348591148853
0.17564599122852087
0.00782038550823927
-0.18356207571923733
0.17567965388298035
0.007939781062304974
-0.18352194968611002
0.17558505851775408
0.007841192185878754
-0.1834882851690054
0.17570445220917463
0.007881317287683487
-0.18358288053423166
0.175605864264071
0.007914980873465538
-0.18346348591148853
0.17564599122852087
0.007820387370884418
-0.18356207571923733
0.17567965388298035
0.007939781062304974
-0.18352194968611002
0.17558505851775408
0.007841192185878754
-0.1834882851690054
0.17570445220917463
0.007881316356360912
-0.18358288146555424
0.175605864264071
0.007914980873465538
-0.18346348591148853
0.17564599122852087
0.007820387370884418
-0.18356207571923733
0.17567965295165777
0.007939780130982399
-0.18352194968611002
0.17558505851775408
0.007841192185878754
-0.1834882851690054
0.17570445407181978
0.007881318219006062
-0.1835828823968768
0.1756058633327484
0.007914980873465538
-0.1834634868428111
0.1756459902971983
0.007820387370884418
-0.1835620766505599
0.17567965388298035
0.007939780130982399
-0.18352194968611002
0.17558505851775408
0.007841192185878754
-0.1834882851690054
0.17570445407181978
0.007881318219006062
-0.18358288053423166
0.1756058633327484
0.007914980873465538
-0.1834634868428111
0.17564598936587572
0.007820386439561844
-0.18356207478791475
0.17567965388298035
0.007939781993627548
-0.18352194968611002
0.17558505851775408
0.007841192185878754
-0.1834882851690054
0.17570445407181978
0.007881318219006062
-0.18358288053423166
0.1756058633327484
0.007914982736110687
-0.1834634868428111
0.17564598936587572
0.00782038550823927
-0.18356207571923733
0.17567965388298035
0.007939781062304974
-0.18352194875478745
0.17558505851775408
0.007841191254556179
-0.18348828703165054
0.1757044531404972
0.007881318219006062
-0.18358288053423166
0.17560586519539356
0.007914982736110687
-0.1834634868428111
0.17564598936587572
0.00782038550823927
-0.18356207571923733
0.17567965388298035
0.007939781062304974
-0.18352194968611002
0.17558505944907665
0.007841191254556179
-0.18348828703165054
0.1757044531404972
0.007881318219006062
-0.18358288053423166
0.175605864264071
0.007914980873465538
-0.18346348777413368
0.17564598936587572
0.00782038550823927
-0.18356207571923733
0.17567965388298035
0.007939781062304974
-0.18352194968611002
0.17558505851775408
0.007841192185878754
-0.1834882851690054
0.17570445220917463
0.007881317287683487
-0.18358288053423166
0.175605864264071
0.007914980873465538
-0.18346348591148853
0.17564599122852087
0.007820387370884418
-0.18356207571923733
0.17567965388298035
0.007939781062304974
-0.18352194968611002
0.17558505851775408
0.007841192185878754
-0.1834882851690054
0.17570445220917463
0.007881316356360912
-0.18358288146555424
0.175605864264071
0.007914980873465538
-0.18346348591148853
0.17564599122852087
0.007820387370884418
-0.18356207571923733
0.17567965481430292
0.007939780130982399
-0.18352194968611002
0.17558505851775408
0.007841192185878754
-0.1834882851690054
0.17570445407181978
0.007881318219006062
-0.1835828823968768
0.1756058633327484
0.007914980873465538
-0.1834634868428111
0.1756459902971983
0.007820387370884418
-0.18356207478791475
0.17567965388298035
0.007939780130982399
-0.18352194968611002
0.17558505851775408
0.007841192185878754
-0.1834882851690054
0.17570445407181978
0.007881318219006062
-0.18358288053423166
0.1756058633327484
0.007914980873465538
-0.1834634868428111
0.17564598936587572
0.007820386439561844
-0.18356207478791475
0.17567965388298035
0.007939781993627548
-0.18352194968611002
0.17558505851775408
0.007841191254556179
-0.18348828703165054
0.1757044531404972
0.007881318219006062
-0.18358288053423166
0.1756058633327484
0.007914982736110687
-0.1834634868428111
0.17564598936587572
0.00782038550823927
-0.18356207571923733
0.17567965388298035
0.007939781062304974
-0.18352194875478745
0.17558506038039923
0.007841191254556179
-0.18348828703165054
0.1757044531404972
0.007881318219006062
-0.18358288053423166
0.17560586519539356
0.007914982736110687
-0.1834634868428111
0.17564598936587572
0.00782038550823927
-0.18356207571923733
0.17567965388298035
0.007939781062304974
-0.18352194968611002
0.17558505851775408
0.007841190323233604
-0.1834882851690054
0.17570445220917463
0.007881317287683487
-0.18358288053423166
0.175605864264071
0.007914980873465538
-0.18346348591148853
0.17564599122852087
0.007820387370884418
-0.18356207571923733
0.17567965388298035
0.007939781062304974
-0.18352194968611002
0.17558505851775408
0.007841192185878754
-0.1834882851690054
0.17570445220917463
0.006874358281493187
-0.1834670789539814
0.17703941091895103
0.006509378552436829
-0.18176328856498003
0.17907401826232672
0.0072786035016179085
-0.1819172529503703
0.1803832445293665
0.010996143333613873
-0.17476684413850307
-0.03581085707992315
0.05317079275846481
0.0595588143914938
-0.20717669650912285
0.006564924493432045
0.19101680256426334
-0.05909768585115671
-0.04941483307629824
0.02498883195221424
-0.0831173975020647
0.06512975320219994
0.112203617580235
