-0.004111500519158276
-0.29244677208801617
0.02908971671697458
0.19606630571419714
-0.19032738275421934
-0.008278894841964757
0.1950617663559342
-0.19005115574577758
0.0018590942897844798
0.1847780821149172
-0.1885344002871534
0.007880171043780138
0.17781306153756304
-0.18523502253719926
0.008375681263714796
0.17584406602145464
-0.18377604709348816
0.007963462452607928
0.175636964624573
-0.18348088173479482
0.007800338344168267
0.1756951958523132
-0.18350491817909642
0.007805278615705902
0.1757274486226379
-0.18357467708119657
0.007881314955739072
0.17568506059615174
-0.1835870679897198
0.00794088557449868
0.17560646770289168
-0.1835225934482878
0.007915104404673912
0.1755851902635186
-0.1834635305494885
0.007841088154236786
0.17564611489797244
-0.18348832796618808
0.007820348109817132
0.17570451148640132
-0.18356210759520764
0.00788131785520818
0.17567966757633258
-0.1835828915500315
0.007939783681649715
0.17560586555919144
-0.1835219511121977
0.007914981862995774
0.17558505905617494
-0.18346348659542855
0.007841191429179162
0.17564599053002894
-0.18348828592570499
0.007820386308594607
0.17570445334422402
-0.18356207571923733
0.00788131785520818
0.17567965391208418
-0.18358288097078912
0.00793978088768199
0.17560586401668843
-0.18352194951148704
0.007914981542853639
0.17558505875058472
-0.1834634864644613
0.007841191720217466
0.17564599015167914
-0.1834882858383935
0.007820386381354183
0.1757044532278087
-0.18356207563192584
0.007881317898863927
0.17567965385387652
-0.1835828809416853
0.00793978085857816
0.1756058640021365
-0.18352194951148704
0.007914981513749808
0.17558505875058472
-0.18346348649356514
0.007841191662009805
0.17564599018078297
-0.1834882858383935
0.007820386410458013
0.1757044532278087
-0.183562075602822
0.007881317869760096
0.17567965388298035
-0.18358288099989295
0.00793978088768199
0.17560586403124034
-0.1835219495696947
0.007914981571957469
0.17558505869237706
-0.18346348643535748
0.007841191662009805
0.17564599018078297
-0.18348828586749732
0.007820386439561844
0.1757044531404972
-0.18356207566102967
0.007881317869760096
0.17567965382477269
-0.18358288099989295
0.00793978088768199
0.17560586397303268
-0.1835219495696947
0.007914981513749808
0.17558505875058472
-0.18346348649356514
0.007841191720217466
0.17564599018078297
-0.18348828580928966
0.007820386381354183
0.17570445319870487
-0.18356207566102967
0.007881317869760096
0.17567965388298035
-0.18358288099989295
0.00793978088768199
0.17560586391482502
-0.1835219495696947
0.007914981571957469
0.17558505875058472
-0.18346348649356514
0.007841191720217466
0.17564599006436765
-0.183488285751082
0.007820386555977166
0.1757044531404972
-0.18356207571923733
0.007881317869760096
0.17567965376656502
-0.18358288088347763
0.00793978082947433
0.17560586391482502
-0.1835219495696947
0.007914981571957469
0.17558505875058472
-0.18346348637714982
0.007841191720217466
0.1756459902971983
-0.18348828586749732
0.007820386323146522
0.1757044531404972
-0.18356207548640668
0.007881317753344774
0.17567965388298035
-0.18358288099989295
0.00793978082947433
0.17560586391482502
-0.1835219495696947
0.007914981571957469
0.17558505875058472
-0.18346348637714982
0.007841191720217466
0.1756459902971983
-0.18348828586749732
0.007820386323146522
0.17570445325691253
-0.18356207571923733
0.007881317869760096
0.17567965399939567
-0.18358288088347763
0.00793978082947433
0.17560586391482502
-0.18352194933686405
0.007914981571957469
0.17558505875058472
-0.18346348660998046
0.007841191487386823
0.1756459902971983
-0.18348828563466668
0.007820386439561844
0.17570445337332785
-0.18356207595206797
0.007881317986175418
0.17567965388298035
-0.18358288099989295
0.007939781062304974
0.17560586403124034
-0.18352194922044873
0.007914981339126825
0.17558505851775408
-0.18346348637714982
0.00784119195304811
0.1756459902971983
-0.18348828563466668
0.0078203862067312
0.17570445337332785
-0.18356207548640668
0.007881317986175418
0.1756796536501497
-0.18358288099989295
0.00793978082947433
0.17560586403124034
-0.18352194945327938
0.007914981804788113
0.17558505851775408
-0.18346348660998046
0.00784119195304811
0.175645989831537
-0.18348828563466668
0.0078203862067312
0.1757044531404972
-0.18356207548640668
0.007881317753344774
0.17567965388298035
-0.1835828807670623
0.00793978082947433
0.17560586403124034
-0.18352194945327938
0.007914981339126825
0.17558505851775408
-0.18346348637714982
0.007841191487386823
0.175645989831537
-0.18348828586749732
0.007820386672392488
0.17570445290766656
-0.18356207595206797
0.007881317986175418
0.175679654115811
-0.1835828807670623
0.007939781062304974
0.17560586403124034
-0.18352194945327938
0.007914981339126825
0.17558505875058472
-0.18346348637714982
0.007841191487386823
0.1756459902971983
-0.18348828563466668
0.0078203862067312
0.1757044531404972
-0.18356207571923733
0.007881317753344774
0.17567965388298035
-0.18358288099989295
0.00793978082947433
0.1756058637984097
-0.18352194968611002
0.007914981804788113
0.17558505851775408
-0.18346348637714982
0.007841191720217466
0.1756459902971983
-0.1834882851690054
0.007820386439561844
0.1757044536061585
-0.18356207618489861
0.007881317753344774
0.17567965341731906
-0.18358288146555424
0.007939780596643686
0.1756058637984097
-0.18352194968611002
0.007914980873465538
0.17558505851775408
-0.18346348637714982
0.007841191254556179
0.1756459902971983
-0.18348828610032797
0.007820386439561844
0.1757044531404972
-0.18356207571923733
0.007881318219006062
0.17567965388298035
-0.18358288099989295
0.007939780596643686
0.1756058637984097
-0.18352194968611002
0.007914981804788113
0.17558505851775408
-0.18346348637714982
0.007841191720217466
0.1756459902971983
-0.18348828610032797
0.007820386905223131
0.17570445267483592
-0.18356207571923733
0.007881318219006062
0.17567965388298035
-0.18358288053423166
0.007939781062304974
0.175605864264071
-0.18352194968611002
0.007914980873465538
0.17558505851775408
-0.18346348637714982
0.007841191720217466
0.1756459902971983
-0.1834882851690054
0.007820386905223131
0.17570445267483592
-0.18356207571923733
0.007881318219006062
0.17567965388298035
-0.18358288053423166
0.007939781527966261
0.17560586472973228
-0.18352194922044873
0.007914981339126825
0.17558505851775408
-0.18346348637714982
0.007841191720217466
0.1756459902971983
-0.18348828610032797
0.007820386905223131
0.17570445267483592
-0.18356207571923733
0.007881318219006062
0.17567965388298035
-0.18358288053423166
0.007939780596643686
0.1756058637984097
-0.18352194968611002
0.007914981804788113
0.17558505944907665
-0.18346348637714982
0.007841192185878754
0.1756459902971983
-0.18348828610032797
0.007820385973900557
0.17570445267483592
-0.18356207618489861
0.007881318219006062
0.17567965388298035
-0.18358288146555424
0.007939780596643686
0.1756058637984097
-0.18352194922044873
0.007914980873465538
0.17558505851775408
-0.18346348637714982
0.007841191254556179
0.1756459902971983
-0.18348828610032797
0.007820386439561844
0.1757044531404972
-0.18356207571923733
0.007881316356360912
0.17567965481430292
-0.1835828823968768
0.007939781993627548
0.1756058633327484
-0.18352194968611002
0.007914980873465538
0.17558505851775408
-0.18346348591148853
0.007841192185878754
0.17564598936587572
-0.1834882851690054
0.00782038550823927
0.1757044531404972
-0.18356207571923733
0.007881317287683487
0.17567965388298035
-0.18358288146555424
0.007939780130982399
0.1756058633327484
-0.18352194968611002
0.007914982736110687
0.17558506038039923
-0.1834634868428111
0.007841190323233604
0.17564599122852087
-0.1834882851690054
0.007820387370884418
0.17570445407181978
-0.1835620766505599
0.007881318219006062
0.17567965388298035
-0.18358288053423166
0.007939781062304974
0.17560586519539356
-0.18352194968611002
0.007914980873465538
0.17558505851775408
-0.18346348591148853
0.007841192185878754
0.17564599122852087
-0.1834882851690054
0.007820386439561844
0.1757044531404972
-0.18356207571923733
0.007881318219006062
0.17567965388298035
-0.18358288053423166
0.007939781062304974
0.175605864264071
-0.18352194968611002
0.007914980873465538
0.17558505851775408
-0.1834634868428111
0.007841192185878754
0.17564598936587572
-0.1834882851690054
0.00782038550823927
0.1757044531404972
-0.18356207571923733
0.007881318219006062
0.17567965388298035
-0.18358288053423166
0.007939781062304974
0.175605864264071
-0.18352194968611002
0.007914980873465538
0.17558505851775408
-0.1834634868428111
0.007841191254556179
0.17564598936587572
-0.18348828703165054
0.00782038550823927
0.17570445220917463
-0.18356207571923733
0.006874358281493187
0.1803832445293665
0.19101680256426334
