-0.0011517709626272534
-0.00048688944965716643
-0.003788440826937453
-0.005622558645071468
-0.006319409517290764
0.34251005214282493
-0.2908765031937872
-0.05861448579415551
0.32996277881604996
-0.3065796105075549
0.02488143663531872
0.23205713557906904
-0.24149368042594688
0.03313167436817821
0.16882125221317779
-0.17276915892267652
-0.0028143189339289165
0.16577266988105066
-0.1497667327003569
-0.024405914667340767
0.17821202989239282
-0.1572859274772327
-0.017160464556582156
0.1734103875874098
-0.1606891500631491
-0.004195688585241442
0.15728131102241605
-0.15093870374744256
-0.0025156537869861495
0.1470692764253272
-0.13983415323787085
-0.008338788219134585
0.1465950727792915
-0.13611836573340952
-0.011854143638402093
0.14864859395447638
-0.1373702813834825
-0.01067299821670531
0.14789330181383775
-0.13796082510179986
-0.008534986651284271
0.14525685975240776
-0.13637685958474322
-0.008247981887961942
0.14357141365371717
-0.13453798467935485
-0.009227159722740907
0.14351118726972345
-0.13392361730439006
-0.009835735149863467
0.14389459629637713
-0.1341677126729337
-0.009629770364881551
0.14378998424763267
-0.13430595887257368
-0.00923277471883921
0.14332324779570627
-0.13403521792952233
-0.009169778474642953
0.14300893399376946
-0.13368632545461878
-0.009370015786771546
0.1430152779130367
-0.13357068712048203
-0.00951116160285892
0.14313012176717166
-0.1336527182666032
-0.009462012367293937
0.14313014341496455
-0.13371823200941435
-0.009344983693154063
0.14301231009994808
-0.13365866633466794
-0.009318009513663128
0.14291848351058434
-0.1335493729711743
-0.009392987993123825
0.14293553238167078
-0.13351393359334907
-0.009458968012040714
0.1430071891663829
-0.13356990373176814
-0.009435035763090127
0.14302403660985874
-0.1336237216110021
-0.009363027647850686
0.14296230924446718
-0.13359811432928836
-0.009341846051029279
0.1429039384747739
-0.13352735009902972
-0.00939668207502109
0.14292270876467228
-0.13350480724329827
-0.009450574932998279
0.14298742078608484
-0.1335565865992976
-0.00943069774803007
0.14300697392536676
-0.13360852370897192
-0.009365929228806635
0.14295426877652062
-0.13358837716441485
-0.009345679132820806
0.1429015995345253
-0.13352380867218017
-0.009397276109666564
0.14292064664914506
-0.13350333966809558
-0.009449225275602657
0.14298424189109937
-0.1335544451176247
-0.009430000161955832
0.1430042301362846
-0.1336060797839309
-0.009366395825054497
0.14295297581338673
-0.13358681136014638
-0.009346295511932112
0.14290122341481037
-0.13352323918661568
-0.009397371639352059
0.1429203150473768
-0.13350310367604834
-0.009449008241062984
0.1429837307150592
-0.13355410075746477
-0.009429887984879315
0.14300378891493892
-0.13360568678035634
-0.009366470862005372
0.14295276789925992
-0.1335865595683572
-0.00934639463230269
0.14290116293705069
-0.1335231476186891
-0.009397386995260604
0.14292026171460748
-0.13350306573556736
-0.009448973331018351
0.14298364851129008
-0.1335540453728754
-0.00942986994778039
0.14300371795980027
-0.13360562358866446
-0.009366482925543096
0.1429527344662347
-0.13358651908492902
-0.009346410573925823
0.1429011532163713
-0.1335231328921509
-0.009397389461810235
0.1429202531435294
-0.13350305962376297
-0.009448967728530988
0.1429836352908751
-0.13355403647437925
-0.009429867051949259
0.1430037065583747
-0.13360561342415167
-0.009366484868223779
0.14295272908202605
-0.133586512565671
-0.009346413127786946
0.14290115164476447
-0.13352313052018872
-0.009397389869263861
0.14292025176837342
-0.13350305863423273
-0.009448966819036286
0.14298363315901952
-0.1335540350410156
-0.009429866586287972
0.14300370473938528
-0.1336056117870612
-0.009366485188365914
0.142952728230739
-0.13358651152520906
-0.00934641354251653
0.14290115138283
-0.13352313014911488
-0.009397389920195565
0.14292025152826682
-0.13350305847416166
-0.009448966680793092
0.1429836328170495
-0.13355403482273687
-0.009429866506252438
0.14300370441924315
-0.13360561152512673
-0.009366485217469744
0.14295272807066794
-0.13358651133603416
-0.009346413629828021
0.14290115135372616
-0.1335231300763553
-0.009397389949299395
0.142920251499163
-0.13350305845960975
-0.009448966666241176
0.14298363277339377
-0.13355403477908112
-0.009429866477148607
0.1430037043610355
-0.1336056114960229
-0.00936648523202166
0.14295272805611603
-0.13358651132148225
-0.00934641360072419
0.14290115133917425
-0.1335231300763553
-0.00939738993474748
0.142920251499163
-0.13350305844505783
-0.009448966637137346
0.14298363275884185
-0.13355403477908112
-0.009429866491700523
0.1430037043610355
-0.1336056114960229
-0.009366485217469744
0.14295272807066794
-0.13358651130693033
-0.009346413629828021
0.14290115136827808
-0.1335231300763553
-0.00939738993474748
0.1429202515137149
-0.13350305844505783
-0.009448966637137346
0.14298363277339377
-0.13355403477908112
-0.009429866491700523
0.1430037043610355
-0.1336056114960229
-0.009366485217469744
0.14295272807066794
-0.13358651132148225
-0.009346413615276106
0.14290115133917425
-0.13352313004725147
-0.00939738993474748
0.1429202515137149
-0.13350305845960975
-0.00944896662258543
0.14298363277339377
-0.13355403477908112
-0.009429866477148607
0.1430037043755874
-0.133605611481471
-0.00936648523202166
0.14295272805611603
-0.13358651130693033
-0.009346413658931851
0.14290115132462233
-0.13352313003269956
-0.009397389949299395
0.14292025152826682
-0.13350305845960975
-0.00944896662258543
0.14298363277339377
-0.13355403477908112
-0.009429866477148607
0.14300370434648357
-0.13360561151057482
-0.00936648526112549
0.1429527280270122
-0.13358651130693033
-0.00934641360072419
0.14290115135372616
-0.13352313009090722
-0.009397389949299395
0.14292025147005916
-0.13350305845960975
-0.009448966680793092
0.14298363277339377
-0.13355403477908112
-0.009429866506252438
0.14300370434648357
-0.13360561145236716
-0.00936648526112549
0.14295272808521986
-0.13358651133603416
-0.009346413658931851
0.14290115132462233
-0.13352313003269956
-0.009397389978403226
0.142920251499163
-0.13350305848871358
-0.009448966651689261
0.14298363274428993
-0.1335540347499773
-0.009429866477148607
0.1430037043755874
-0.133605611481471
-0.00936648526112549
0.1429527280270122
-0.13358651133603416
-0.009346413629828021
0.14290115135372616
-0.13352313003269956
-0.009397389949299395
0.142920251499163
-0.13350305843050592
-0.009448966651689261
0.14298363274428993
-0.1335540347499773
-0.009429866477148607
0.1430037043755874
-0.133605611481471
-0.00936648526112549
0.1429527280270122
-0.13358651133603416
-0.009346413629828021
0.14290115135372616
-0.13352313003269956
-0.009397389949299395
0.14292025152826682
-0.13350305848871358
-0.009448966651689261
0.14298363274428993
-0.1335540347499773
-0.009429866477148607
0.1430037043755874
-0.133605611481471
-0.00936648523202166
0.14295272805611603
-0.13358651130693033
-0.00934641360072419
0.14290115138283
-0.13352313006180339
-0.009397389920195565
0.142920251499163
-0.13350305843050592
-0.009448966651689261
0.14298363274428993
-0.1335540347499773
-0.009429866477148607
0.1430037043755874
-0.133605611481471
-0.00936648526112549
0.1429527280270122
-0.133586511365138
-0.00934641360072419
0.14290115138283
-0.13352313003269956
-0.009397389891091734
0.14292025147005916
-0.1335030585178174
-0.009448966709896922
0.1429836328024976
-0.1335540347499773
-0.009429866448044777
0.1430037043755874
-0.13360561151057482
-0.00936648529022932
0.14295272808521986
-0.13358651130693033
-0.00934641360072419
0.14290115132462233
-0.13352313009090722
-0.009397389949299395
0.14292025152826682
-0.13350305840140209
-0.0094489665934816
0.14298363274428993
-0.13355403480818495
-0.009429866506252438
0.1430037043755874
-0.1336056113941595
-0.00936648529022932
0.1429527280270122
-0.133586511365138
-0.00934641360072419
0.14290115126641467
-0.13352313009090722
-0.009397389949299395
0.14292025152826682
-0.13350305845960975
-0.0094489665934816
0.14298363274428993
-0.13355403480818495
-0.009429866506252438
0.1430037043755874
-0.13360561145236716
-0.009366485173813999
0.1429527280270122
-0.133586511365138
-0.00934641360072419
0.14290115138283
-0.13352313003269956
-0.009397389891091734
0.14292025147005916
-0.1335030585178174
-0.009448966651689261
0.1429836328024976
-0.1335540347499773
-0.009429866448044777
0.1430037043755874
-0.13360561151057482
-0.00936648529022932
0.14295272808521986
-0.133586511365138
-0.00934641360072419
0.14290115126641467
-0.1335231299744919
-0.009397389949299395
0.14292025147005916
-0.1335030585178174
-0.009448966651689261
0.1429836328024976
-0.1335540347499773
-0.009429866448044777
0.14300370431737974
-0.13360561151057482
-0.00936648529022932
0.1429527280270122
-0.133586511365138
-0.00934641360072419
0.14290115138283
-0.13352313009090722
-0.009397389949299395
0.14292025147005916
-0.13350305840140209
-0.0094489665934816
0.14298363274428993
-0.13355403480818495
-0.009429866506252438
0.1430037043755874
-0.13360561151057482
-0.00936648523202166
0.14295272814342752
-0.13358651130693033
-0.00934641360072419
0.14290115126641467
-0.1335231299744919
-0.009397389891091734
0.14292025147005916
-0.13350305840140209
-0.009448966709896922
0.1429836328024976
-0.13355403480818495
-0.009429866506252438
0.1430037043755874
-0.13360561145236716
-0.00936648523202166
0.1429527280270122
-0.13358651124872267
-0.00934641360072419
0.14290115132462233
-0.13352313009090722
-0.009397389949299395
0.14292025147005916
-0.1335030585178174
-0.009448966651689261
0.1429836328024976
-0.1335540347499773
-0.009429866448044777
0.14300370431737974
-0.13360561151057482
-0.00936648529022932
0.1429527280270122
-0.133586511365138
-0.00934641360072419
0.14290115138283
-0.13352313009090722
-0.009397389949299395
0.14292025147005916
-0.13350305840140209
-0.009448966709896922
0.14298363274428993
-0.13355403480818495
-0.009429866506252438
0.1430037043755874
-0.13360561145236716
-0.009366485173813999
0.1429527280270122
-0.13358651124872267
-0.00934641360072419
0.14290115138283
-0.1335231299744919
-0.009397390065714717
0.14292025135364383
-0.13350305845960975
-0.009448966709896922
0.14298363274428993
-0.1335540348663926
-0.009429866448044777
0.14300370425917208
-0.1336056113941595
-0.009366485173813999
0.14295272808521986
-0.13358651124872267
-0.009346413658931851
0.142901151208207
-0.1335231299744919
-0.009397390065714717
0.14292025135364383
-0.13350305845960975
-0.009448966709896922
0.14298363274428993
-0.1335540348663926
-0.009429866564460099
0.14300370425917208
-0.1336056113941595
-0.009366485173813999
0.14295272808521986
-0.13358651124872267
-0.009346413775347173
0.14290115144103765
-0.1335231299744919
-0.009397389832884073
0.14292025158647448
-0.13350305857602507
-0.0094489665934816
0.14298363286070526
-0.13355403463356197
-0.009429866448044777
0.1430037043755874
-0.1336056113941595
-0.009366485173813999
0.14295272820163518
-0.13358651124872267
-0.009346413658931851
0.14290115144103765
-0.1335231299744919
-0.009397389832884073
0.14292025158647448
-0.13350305845960975
-0.0094489665934816
0.14298363286070526
-0.13355403463356197
-0.009429866448044777
0.1430037043755874
-0.1336056113941595
-0.009366485173813999
0.14295272820163518
-0.13358651124872267
-0.009346413658931851
0.14290115144103765
-0.1335231299744919
-0.009397389832884073
0.14292025158647448
-0.13350305857602507
-0.0094489665934816
0.14298363286070526
-0.1335540347499773
-0.009429866448044777
0.1430037043755874
-0.1336056113941595
-0.009366485173813999
0.14295272808521986
-0.13358651124872267
-0.00934641354251653
0.14290115144103765
-0.1335231299744919
-0.009397390065714717
0.14292025158647448
-0.13350305845960975
-0.009448966709896922
0.14298363274428993
-0.1335540348663926
-0.009429866564460099
0.1430037043755874
-0.13360561162699014
-0.009366485406644642
0.14295272796880454
-0.13358651124872267
-0.009346413658931851
0.142901151208207
-0.1335231299744919
-0.009397389832884073
0.14292025158647448
-0.13350305845960975
-0.0094489665934816
0.14298363286070526
-0.1335540347499773
-0.009429866448044777
0.1430037043755874
-0.1336056113941595
-0.009366485173813999
0.14295272808521986
-0.133586511365138
-0.00934641354251653
0.14290115132462233
-0.13352313020732254
-0.009397390065714717
0.14292025147005916
-0.13350305845960975
-0.009448966826312244
0.1429836326278746
-0.1335540348663926
-0.009429866448044777
0.1430037043755874
-0.1336056113941595
-0.009366485173813999
0.14295272796880454
-0.13358651124872267
-0.009346413658931851
0.14290115144103765
-0.1335231299744919
-0.009397389832884073
0.14292025158647448
-0.13350305834319443
-0.0094489665934816
0.14298363286070526
-0.1335540347499773
-0.009429866448044777
0.14300370449200273
-0.13360561151057482
-0.00936648529022932
0.14295272808521986
-0.13358651148155332
-0.00934641354251653
0.14290115132462233
-0.13352313020732254
-0.009397390065714717
0.14292025135364383
-0.13350305845960975
-0.009448966826312244
0.1429836326278746
-0.13355403463356197
-0.009429866448044777
0.1430037043755874
-0.1336056113941595
-0.009366485173813999
0.14295272820163518
-0.13358651124872267
-0.009346413658931851
0.14290115144103765
-0.1335231299744919
-0.009397389832884073
0.14292025158647448
-0.13350305857602507
-0.0094489665934816
0.14298363286070526
-0.1335540347499773
-0.009429866448044777
0.14300370425917208
-0.1336056113941595
-0.009366485173813999
0.14295272808521986
-0.133586511365138
-0.00934641354251653
0.14290115132462233
-0.13352313020732254
-0.009397390065714717
0.14292025147005916
-0.13350305845960975
-0.009448966709896922
0.14298363274428993
-0.1335540348663926
-0.009429866564460099
0.1430037043755874
-0.13360561162699014
-0.009366485406644642
0.14295272796880454
-0.13358651148155332
-0.009346413658931851
0.142901151208207
-0.13352313020732254
-0.009397390065714717
0.14292025135364383
-0.13350305845960975
-0.0094489665934816
0.1429836326278746
-0.13355403463356197
-0.009429866448044777
0.1430037043755874
-0.1336056113941595
-0.009366485173813999
0.14295272796880454
-0.13358651124872267
-0.009346413658931851
0.142901151208207
-0.13352313020732254
-0.009397389949299395
0.1429202517028898
-0.13350305845960975
-0.009448966477066278
0.14298363286070526
-0.1335540348663926
-0.00942986668087542
0.14300370425917208
-0.13360561127774417
-0.00936648529022932
0.14295272785238922
-0.13358651124872267
-0.009346413426101208
0.14290115144103765
-0.13352313009090722
-0.009397389832884073
0.1429202512372285
-0.13350305845960975
-0.009448966709896922
0.1429836326278746
-0.13355403463356197
-0.009429866215214133
0.14300370449200273
-0.13360561151057482
-0.009366485057398677
0.14295272808521986
-0.13358651124872267
-0.009346413891762495
0.142901151208207
-0.13352313032373786
-0.00939739029854536
0.1429202517028898
-0.13350305845960975
-0.009448966477066278
0.14298363286070526
-0.1335540348663926
-0.00942986668087542
0.14300370425917208
-0.13360561174340546
-0.009366485057398677
0.14295272808521986
-0.13358651124872267
-0.009346413891762495
0.14290115097537637
-0.13352312985807657
-0.00939739029854536
0.1429202517028898
-0.13350305845960975
-0.009448966477066278
0.14298363286070526
-0.1335540348663926
-0.00942986668087542
0.14300370425917208
-0.13360561174340546
-0.009366485057398677
0.14295272808521986
-0.13358651124872267
-0.009346413891762495
0.14290115097537637
-0.13352313032373786
-0.00939739029854536
0.1429202517028898
-0.13350305845960975
-0.009448966477066278
0.14298363286070526
-0.1335540348663926
-0.00942986668087542
0.14300370425917208
-0.13360561174340546
-0.009366485057398677
0.14295272808521986
-0.13358651124872267
-0.009346413891762495
0.14290115097537637
-0.13352313032373786
-0.00939739029854536
0.1429202517028898
-0.13350305845960975
-0.009448966477066278
0.14298363286070526
-0.1335540348663926
-0.00942986668087542
0.14300370425917208
-0.13360561174340546
-0.009366485057398677
0.14295272808521986
-0.13358651124872267
-0.009346413891762495
0.14290115144103765
-0.13352312985807657
-0.009397389832884073
0.14292025147005916
-0.13350305845960975
-0.009448966477066278
0.14298363286070526
-0.1335540348663926
-0.00942986668087542
0.14300370425917208
-0.13360561127774417
-0.00936648529022932
0.14295272785238922
-0.13358651124872267
-0.009346413426101208
0.14290115144103765
-0.13352312985807657
-0.009397389832884073
0.14292025147005916
-0.13350305845960975
-0.009448966709896922
0.14298363286070526
-0.1335540348663926
-0.00942986668087542
0.14300370449200273
-0.13360561127774417
-0.00936648529022932
0.14295272808521986
-0.13358651124872267
-0.009346413426101208
0.14290115144103765
-0.13352313009090722
-0.009397389832884073
0.1429202512372285
-0.13350305845960975
-0.009448966709896922
0.1429836326278746
-0.13355403463356197
-0.009429866215214133
0.14300370449200273
-0.13360561151057482
-0.009366485057398677
0.14295272808521986
-0.13358651124872267
-0.009346413891762495
0.14290115097537637
-0.13352312985807657
-0.00939739029854536
0.14292025147005916
-0.13350305845960975
-0.009448966477066278
0.14298363286070526
-0.1335540348663926
-0.00942986668087542
0.14300370425917208
-0.13360561127774417
-0.00936648529022932
0.14295272808521986
-0.13358651124872267
-0.009346413426101208
0.14290115144103765
-0.13352313009090722
-0.009397389832884073
0.1429202512372285
-0.13350305845960975
-0.009448966477066278
0.14298363239504397
-0.1335540348663926
-0.009429866448044777
0.14300370425917208
-0.13360561174340546
-0.00936648529022932
0.14295272808521986
-0.13358651124872267
-0.009346413426101208
0.14290115144103765
-0.13352313009090722
-0.009397389832884073
0.14292025147005916
-0.13350305845960975
-0.009448966709896922
0.1429836326278746
-0.1335540348663926
-0.009429866215214133
0.14300370425917208
-0.13360561151057482
-0.009366485057398677
0.14295272808521986
-0.13358651124872267
-0.009346413426101208
0.14290115144103765
-0.13352312985807657
-0.009397389832884073
0.14292025147005916
-0.1335030582267791
-0.009448966709896922
0.14298363286070526
-0.13355403463356197
-0.009429866215214133
0.14300370425917208
-0.13360561151057482
-0.009366485057398677
0.14295272808521986
-0.13358651124872267
-0.009346413426101208
0.14290115144103765
-0.13352312985807657
-0.009397389832884073
0.14292025147005916
-0.1335030582267791
-0.009448966709896922
0.1429836326278746
-0.1335540348663926
-0.009429866448044777
0.14300370425917208
-0.13360561174340546
-0.009366485057398677
0.14295272808521986
-0.13358651124872267
-0.009346413426101208
0.14290115144103765
-0.13352312985807657
-0.009397389832884073
0.14292025147005916
-0.1335030582267791
-0.009448966709896922
0.1429836326278746
-0.1335540348663926
-0.009429866448044777
0.14300370425917208
-0.13360561174340546
-0.009366485057398677
0.14295272808521986
-0.13358651124872267
-0.009346413426101208
0.14290115144103765
-0.13352312985807657
-0.009397389832884073
0.14292025147005916
-0.1335030582267791
-0.009448966709896922
0.14298363286070526
-0.13355403463356197
-0.009429866215214133
0.14300370425917208
-0.13360561151057482
-0.009366485057398677
0.14295272808521986
-0.13358651124872267
-0.009346413426101208
0.14290115144103765
-0.13352312985807657
-0.009397389832884073
0.14292025147005916
-0.1335030582267791
-0.009448966709896922
0.14298363286070526
-0.13355403463356197
-0.009429866215214133
0.14300370449200273
-0.13360561151057482
-0.009366485057398677
0.14295272808521986
-0.13358651124872267
-0.009346413891762495
0.14290115144103765
-0.13352312985807657
-0.009397389832884073
0.14292025147005916
-0.13350305845960975
-0.009448966709896922
0.14298363286070526
-0.13355403440073133
-0.009429866215214133
0.14300370449200273
-0.13360561151057482
-0.009366485057398677
0.14295272808521986
-0.13358651124872267
-0.009346413891762495
0.142901151208207
-0.13352313032373786
-0.00939739029854536
0.1429202517028898
-0.13350305845960975
-0.009448966477066278
0.14298363286070526
-0.1335540348663926
-0.00942986668087542
0.14300370425917208
-0.13360561174340546
-0.00936648529022932
0.14295272855088115
-0.13358651148155332
-0.009346413891762495
0.14290115190669894
-0.13352313032373786
-0.009397389367222786
0.14292025147005916
-0.13350305892527103
-0.009448966942727566
0.1429836330935359
-0.1335540353320539
-0.009429866913706064
0.14300370449200273
-0.13360561151057482
-0.00936648529022932
0.14295272761955857
-0.13358651148155332
-0.00934641296043992
0.14290115190669894
-0.13352313032373786
-0.009397389367222786
0.14292025147005916
-0.13350305799394846
-0.009448966942727566
0.1429836326278746
-0.13355403440073133
-0.00942986598238349
0.14300370402634144
-0.1336056119762361
-0.009366484824568033
0.14295272761955857
-0.13358651101589203
-0.009346413891762495
0.14290115144103765
-0.13352313032373786
-0.00939739029854536
0.14292025147005916
-0.13350305799394846
-0.009448966011404991
0.1429836326278746
-0.13355403440073133
-0.009429866448044777
0.14300370402634144
-0.13360561104491353
-0.00936648529022932
0.14295272761955857
-0.13358651101589203
-0.009346413891762495
0.14290115097537637
-0.13352312985807657
-0.00939739029854536
0.14292025147005916
-0.13350305845960975
-0.009448966477066278
0.1429836326278746
-0.1335540348663926
-0.009429866448044777
0.143003704957664
-0.13360561104491353
-0.00936648529022932
0.14295272855088115
-0.13358651148155332
-0.009346413891762495
0.14290115097537637
-0.13352313032373786
-0.00939739029854536
0.14292025147005916
-0.13350305892527103
-0.009448966942727566
0.1429836330935359
-0.1335540353320539
-0.009429866913706064
0.14300370402634144
-0.13360561151057482
-0.00936648529022932
0.14295272761955857
-0.13358651148155332
-0.009346413426101208
0.14290115190669894
-0.13352313032373786
-0.009397389367222786
0.14292025147005916
-0.13350305799394846
-0.009448966942727566
0.1429836326278746
-0.13355403440073133
-0.009429866448044777
0.14300370402634144
-0.1336056119762361
-0.009366484824568033
0.14295272761955857
-0.13358651101589203
-0.009346413891762495
0.14290115097537637
-0.13352312939241529
-0.00939739029854536
0.14292025147005916
-0.13350305799394846
-0.009448966477066278
0.1429836326278746
-0.13355403440073133
-0.009429866448044777
0.143003704957664
-0.13360561104491353
-0.00936648529022932
0.14295272855088115
-0.13358651148155332
-0.009346413891762495
0.14290115097537637
-0.13352312985807657
-0.00939739029854536
0.14292025193572044
-0.13350305892527103
-0.009448966942727566
0.14298363216221333
-0.1335540353320539
-0.009429866913706064
0.14300370449200273
-0.13360561151057482
-0.00936648529022932
0.14295272855088115
-0.13358651148155332
-0.00934641296043992
0.14290115190669894
-0.13352313032373786
-0.009397389367222786
0.14292025147005916
-0.13350305892527103
-0.009448966942727566
0.1429836330935359
-0.13355403440073133
-0.00942986598238349
0.14300370402634144
-0.1336056119762361
-0.009366485755890608
0.14295272761955857
-0.13358651148155332
-0.009346413426101208
0.14290115190669894
-0.13352313032373786
-0.009397389367222786
0.14292025147005916
-0.13350305799394846
-0.009448966011404991
0.1429836326278746
-0.13355403440073133
-0.009429866448044777
0.14300370402634144
-0.1336056119762361
-0.009366484824568033
0.14295272761955857
-0.13358651101589203
-0.009346413891762495
0.14290115144103765
-0.13352313032373786
-0.00939739029854536
0.14292025147005916
-0.13350305799394846
-0.009448966011404991
0.1429836326278746
-0.13355403440073133
-0.009429866448044777
0.14300370402634144
-0.1336056119762361
-0.009366484824568033
0.14295272761955857
-0.13358651101589203
-0.009346413891762495
0.14290115097537637
-0.13352313032373786
-0.00939739029854536
0.14292025147005916
-0.13350305799394846
-0.009448966011404991
0.1429836326278746
-0.13355403440073133
-0.009429866448044777
0.14300370402634144
-0.1336056119762361
-0.009366484824568033
0.14295272761955857
-0.13358651101589203
-0.009346413426101208
0.14290115144103765
-0.13352313032373786
-0.009397389367222786
0.14292025147005916
-0.13350305799394846
-0.009448966942727566
0.1429836326278746
-0.13355403440073133
-0.00942986598238349
0.14300370402634144
-0.1336056119762361
-0.009366485755890608
0.14295272761955857
-0.13358651148155332
-0.009346413426101208
0.14290115190669894
-0.13352313032373786
-0.009397389367222786
0.14292025147005916
-0.13350305799394846
-0.009448966942727566
0.1429836330935359
-0.1335540353320539
-0.009429866913706064
0.14300370402634144
-0.13360561151057482
-0.00936648529022932
0.14295272808521986
-0.13358651148155332
-0.00934641296043992
0.14290115190669894
-0.13352313032373786
-0.009397389367222786
0.14292025147005916
-0.13350305892527103
-0.009448966942727566
0.1429836330935359
-0.1335540353320539
-0.009429866913706064
0.14300370449200273
-0.13360561151057482
-0.00936648529022932
0.14295272855088115
-0.13358651148155332
-0.009346413891762495
0.14290115097537637
-0.13352313032373786
-0.00939739029854536
0.14292025193572044
-0.13350305892527103
-0.009448966942727566
0.1429836326278746
-0.1335540348663926
-0.009429866448044777
0.143003704957664
-0.13360561104491353
-0.00936648529022932
0.14295272855088115
-0.13358651101589203
-0.009346413891762495
0.14290115097537637
-0.13352312985807657
-0.00939739029854536
0.14292025100439787
-0.13350305845960975
-0.009448966477066278
0.1429836326278746
-0.13355403440073133
-0.009429866448044777
0.143003704957664
-0.13360561104491353
-0.00936648529022932
0.14295272761955857
-0.13358651101589203
-0.009346413891762495
0.14290115097537637
-0.13352312939241529
-0.00939739029854536
0.14292025147005916
-0.13350305799394846
-0.009448966011404991
0.1429836326278746
-0.13355403440073133
-0.009429866448044777
0.14300370402634144
-0.1336056119762361
-0.00936648529022932
0.14295272761955857
-0.13358651101589203
-0.009346413891762495
0.14290115097537637
-0.13352312939241529
-0.00939739029854536
0.14292025147005916
-0.13350305799394846
-0.009448966011404991
0.1429836326278746
-0.13355403440073133
-0.009429866448044777
0.14300370402634144
-0.1336056119762361
-0.009366484824568033
0.14295272761955857
-0.13358651101589203
-0.009346413891762495
0.14290115097537637
-0.13352312939241529
-0.00939739029854536
0.14292025147005916
-0.13350305799394846
-0.009448966011404991
0.1429836326278746
-0.13355403440073133
-0.009429866448044777
0.14300370402634144
-0.1336056119762361
-0.00936648529022932
0.14295272761955857
-0.13358651101589203
-0.009346413891762495
0.14290115097537637
-0.13352312939241529
-0.00939739029854536
0.14292025147005916
-0.13350305799394846
-0.009448966477066278
0.1429836326278746
-0.13355403440073133
-0.009429866448044777
0.143003704957664
-0.13360561104491353
-0.00936648529022932
0.14295272855088115
-0.13358651101589203
-0.009346413891762495
0.14290115097537637
-0.13352312985807657
-0.00939739029854536
0.14292025100439787
-0.13350305892527103
-0.009448966477066278
0.1429836326278746
-0.1335540348663926
-0.009429866448044777
0.143003704957664
-0.13360561104491353
-0.00936648529022932
0.14295272855088115
-0.13358651148155332
-0.009346413891762495
0.14290115097537637
-0.13352313032373786
-0.00939739029854536
0.14292025193572044
-0.13350305892527103
-0.009448966942727566
0.1429836330935359
-0.1335540353320539
-0.009429866913706064
0.14300370449200273
-0.13360561151057482
-0.00936648529022932
0.14295272808521986
-0.13358651148155332
-0.00934641296043992
0.14290115190669894
-0.13352313032373786
-0.009397389367222786
0.14292025147005916
-0.13350305799394846
-0.009448966942727566
0.1429836330935359
-0.13355403440073133
-0.00942986598238349
0.14300370402634144
-0.1336056119762361
-0.009366484824568033
0.14295272761955857
-0.13358651101589203
-0.009346413891762495
0.14290115097537637
-0.13352312939241529
-0.00939739029854536
0.14292025147005916
-0.13350305799394846
-0.009448966477066278
0.1429836326278746
-0.13355403440073133
-0.009429866448044777
0.143003704957664
-0.13360561104491353
-0.00936648529022932
0.14295272855088115
-0.13358651148155332
-0.009346413891762495
0.14290115097537637
-0.13352313032373786
-0.00939739029854536
0.14292025193572044
-0.13350305892527103
-0.009448966942727566
0.1429836330935359
-0.1335540353320539
-0.009429866913706064
0.14300370449200273
-0.13360561151057482
-0.00936648529022932
0.14295272761955857
-0.13358651101589203
-0.009346414357423782
0.14290115144103765
-0.13352312985807657
-0.009397389367222786
0.14292025193572044
-0.13350305892527103
-0.00944896787405014
0.14298363123089075
-0.1335540348663926
-0.009429866448044777
0.143003704957664
-0.1336056124418974
-0.009366484358906746
0.14295272808521986
-0.13358651101589203
-0.009346413426101208
0.14290115237236023
-0.13352312985807657
-0.009397389367222786
0.14292025100439787
-0.13350305892527103
-0.009448966011404991
0.1429836330935359
-0.1335540357977152
-0.009429867379367352
0.14300370402634144
-0.13360561057925224
-0.009366486221551895
0.14295272808521986
-0.1335865119472146
-0.009346412494778633
0.14290115144103765
-0.13352313078939915
-0.009397389367222786
0.14292025193572044
-0.13350305706262589
-0.00944896787405014
0.1429836330935359
-0.1335540348663926
-0.009429866448044777
0.14300370402634144
-0.1336056124418974
-0.00936648529022932
0.14295272715389729
-0.13358651101589203
-0.009346414357423782
0.14290115237236023
-0.13352312985807657
-0.009397389367222786
0.14292025100439787
-0.13350305892527103
-0.009448966011404991
0.14298363216221333
-0.13355403393507004
-0.009429866448044777
0.14300370402634144
-0.13360561151057482
-0.009366484358906746
0.14295272808521986
-0.13358651101589203
-0.009346413426101208
0.14290115050971508
-0.13352313078939915
-0.009397391229867935
0.14292025193572044
-0.13350305706262589
-0.009448966011404991
0.1429836330935359
-0.1335540348663926
-0.009429866448044777
0.14300370402634144
-0.1336056124418974
-0.00936648529022932
0.14295272715389729
-0.13358651101589203
-0.009346414357423782
0.14290115144103765
-0.13352312985807657
-0.009397389367222786
0.14292025100439787
-0.13350305892527103
-0.009448966011404991
0.14298363216221333
-0.13355403393507004
-0.009429866448044777
0.14300370402634144
-0.13360561151057482
-0.009366484358906746
0.14295272808521986
-0.13358651101589203
-0.009346413426101208
0.14290115050971508
-0.13352313078939915
-0.009397389367222786
0.14292025193572044
-0.13350305706262589
-0.00944896787405014
0.1429836330935359
-0.1335540348663926
-0.009429866448044777
0.14300370402634144
-0.1336056124418974
-0.00936648529022932
0.14295272715389729
-0.13358651101589203
-0.009346414357423782
0.14290115237236023
-0.13352312985807657
-0.009397389367222786
0.14292025100439787
-0.13350305892527103
-0.009448966011404991
0.1429836330935359
-0.13355403393507004
-0.009429867379367352
0.14300370402634144
-0.13360561057925224
-0.009366486221551895
0.14295272808521986
-0.1335865119472146
-0.009346412494778633
0.14290115144103765
-0.13352313078939915
-0.009397389367222786
0.14292025193572044
-0.13350305892527103
-0.00944896787405014
0.1429836330935359
-0.1335540348663926
-0.009429866448044777
0.143003704957664
-0.1336056124418974
-0.009366484358906746
0.14295272808521986
-0.13358651101589203
-0.009346413426101208
0.14290115050971508
-0.13352312985807657
-0.009397391229867935
0.14292025193572044
-0.13350305892527103
-0.009448966011404991
0.1429836330935359
-0.1335540357977152
-0.009429866448044777
0.14300370402634144
-0.13360561057925224
-0.009366486221551895
0.14295272901654243
-0.13358651101589203
-0.009346414357423782
0.14290115144103765
-0.13352312985807657
-0.009397389367222786
0.14292025100439787
-0.13350305892527103
-0.009448966942727566
0.14298363216221333
-0.13355403393507004
-0.009429866448044777
0.14300370402634144
-0.13360561151057482
-0.009366484358906746
0.14295272808521986
-0.13358651101589203
-0.009346413426101208
0.14290115050971508
-0.13352313078939915
-0.009397391229867935
0.14292025193572044
-0.13350305706262589
-0.009448966011404991
0.1429836330935359
-0.1335540348663926
-0.009429866448044777
0.14300370402634144
-0.1336056124418974
-0.00936648529022932
0.14295272715389729
-0.13358651101589203
-0.009346413426101208
0.14290115237236023
-0.13352312985807657
-0.009397389367222786
0.14292025100439787
-0.13350305892527103
-0.009448966011404991
0.1429836330935359
-0.1335540357977152
-0.009429867379367352
0.14300370402634144
-0.13360561057925224
-0.009366486221551895
0.14295272901654243
-0.1335865119472146
-0.009346414357423782
0.14290115144103765
-0.13352313078939915
-0.009397389367222786
0.14292025193572044
-0.13350305892527103
-0.00944896787405014
0.14298363123089075
-0.1335540348663926
-0.009429866448044777
0.1430037058889866
-0.13360561151057482
-0.009366484358906746
0.14295272808521986
-0.13358651101589203
-0.009346413426101208
0.14290115050971508
-0.13352312985807657
-0.009397391229867935
0.14292025193572044
-0.13350305706262589
-0.009448966011404991
0.1429836330935359
-0.1335540348663926
-0.009429866448044777
0.14300370402634144
-0.1336056124418974
-0.00936648529022932
0.14295272715389729
-0.13358651101589203
-0.009346414357423782
0.14290115237236023
-0.13352312985807657
-0.009397389367222786
0.14292025100439787
-0.13350305892527103
-0.009448966011404991
0.1429836330935359
-0.13355403393507004
-0.009429865516722202
0.14300370402634144
-0.13360561057925224
-0.009366486221551895
0.14295272808521986
-0.1335865119472146
-0.009346412494778633
0.14290115144103765
-0.13352313078939915
-0.009397389367222786
0.14292025193572044
-0.13350305892527103
-0.00944896787405014
0.14298363123089075
-0.1335540348663926
-0.009429866448044777
0.1430037058889866
-0.13360561151057482
-0.009366484358906746
0.14295272808521986
-0.13358651101589203
-0.009346413426101208
0.14290115050971508
-0.13352312985807657
-0.009397391229867935
0.14292025193572044
-0.13350305799394846
-0.009448966011404991
0.1429836330935359
-0.1335540348663926
-0.009429866448044777
0.14300370402634144
-0.13360561057925224
-0.009366486221551895
0.14295272715389729
-0.13358651101589203
-0.009346414357423782
0.14290115144103765
-0.13352312985807657
-0.009397389367222786
0.14292025100439787
-0.13350305892527103
-0.009448966011404991
0.14298363216221333
-0.13355403393507004
-0.009429865516722202
0.14300370402634144
-0.13360561151057482
-0.009366486221551895
0.14295272808521986
-0.1335865119472146
-0.009346412494778633
0.14290115144103765
-0.13352313078939915
-0.009397389367222786
0.14292025193572044
-0.13350305892527103
-0.00944896787405014
0.1429836330935359
-0.1335540348663926
-0.009429866448044777
0.143003704957664
-0.1336056124418974
-0.009366484358906746
0.14295272808521986
-0.13358651101589203
-0.009346413426101208
0.14290115237236023
-0.13352312985807657
-0.009397391229867935
0.14292025193572044
-0.13350305892527103
-0.009448966011404991
0.1429836330935359
-0.1335540357977152
-0.009429866448044777
0.14300370402634144
-0.13360561057925224
-0.009366486221551895
0.14295272901654243
-0.1335865119472146
-0.009346414357423782
0.14290115144103765
-0.13352313078939915
-0.010403635911643505
0.14413799718022346
-0.13142948877066374
-0.009965969249606133
0.14710537437349558
-0.12401191238313913
0.040012460201978683
-0.229754694737494
0.21616417728364468
-0.05566704086959362
-0.09162241965532303
0.11937290243804455
