-0.0011517709626272534
-0.003788440826937453
-0.006319409517290764
-0.2908765031937872
0.32996277881604996
0.02488143663531872
-0.24149368042594688
0.16882125221317779
-0.0028143189339289165
-0.1497667327003569
0.17821202989239282
-0.017160464556582156
-0.1606891500631491
0.15728131102241605
-0.0025156537869861495
-0.13983415323787085
0.1465950727792915
-0.011854143638402093
-0.1373702813834825
0.14789330181383775
-0.008534986651284271
-0.13637685958474322
0.14357141365371717
-0.009227159722740907
-0.13392361730439006
0.14389459629637713
-0.009629770364881551
-0.13430595887257368
0.14332324779570627
-0.009169778474642953
-0.13368632545461878
0.1430152779130367
-0.00951116160285892
-0.1336527182666032
0.14313014341496455
-0.009344983693154063
-0.13365866633466794
0.14291848351058434
-0.009392987993123825
-0.13351393359334907
0.1430071891663829
-0.009435035763090127
-0.1336237216110021
0.14296230924446718
-0.009341846051029279
-0.13352735009902972
0.14292270876467228
-0.009450574932998279
-0.1335565865992976
0.14300697392536676
-0.009365929228806635
-0.13358837716441485
0.1429015995345253
-0.009397276109666564
-0.13350333966809558
0.14298424189109937
-0.009430000161955832
-0.1336060797839309
0.14295297581338673
-0.009346295511932112
-0.13352323918661568
0.1429203150473768
-0.009449008241062984
-0.13355410075746477
0.14300378891493892
-0.009366470862005372
-0.1335865595683572
0.14290116293705069
-0.009397386995260604
-0.13350306573556736
0.14298364851129008
-0.00942986994778039
-0.13360562358866446
0.1429527344662347
-0.009346410573925823
-0.1335231328921509
0.1429202531435294
-0.009448967728530988
-0.13355403647437925
0.1430037065583747
-0.009366484868223779
-0.133586512565671
0.14290115164476447
-0.009397389869263861
-0.13350305863423273
0.14298363315901952
-0.009429866586287972
-0.1336056117870612
0.142952728230739
-0.00934641354251653
-0.13352313014911488
0.14292025152826682
-0.009448966680793092
-0.13355403482273687
0.14300370441924315
-0.009366485217469744
-0.13358651133603416
0.14290115135372616
-0.009397389949299395
-0.13350305845960975
0.14298363277339377
-0.009429866477148607
-0.1336056114960229
0.14295272805611603
-0.00934641360072419
-0.1335231300763553
0.142920251499163
-0.009448966637137346
-0.13355403477908112
0.1430037043610355
-0.009366485217469744
-0.13358651130693033
0.14290115136827808
-0.00939738993474748
-0.13350305844505783
0.14298363277339377
-0.009429866491700523
-0.1336056114960229
0.14295272807066794
-0.009346413615276106
-0.13352313004725147
0.1429202515137149
-0.00944896662258543
-0.13355403477908112
0.1430037043755874
-0.00936648523202166
-0.13358651130693033
0.14290115132462233
-0.009397389949299395
-0.13350305845960975
0.14298363277339377
-0.009429866477148607
-0.13360561151057482
0.1429527280270122
-0.00934641360072419
-0.13352313009090722
0.14292025147005916
-0.009448966680793092
-0.13355403477908112
0.14300370434648357
-0.00936648526112549
-0.13358651133603416
0.14290115132462233
-0.009397389978403226
-0.13350305848871358
0.14298363274428993
-0.009429866477148607
-0.133605611481471
0.1429527280270122
-0.009346413629828021
-0.13352313003269956
0.142920251499163
-0.009448966651689261
-0.1335540347499773
0.1430037043755874
-0.00936648526112549
-0.13358651133603416
0.14290115135372616
-0.009397389949299395
-0.13350305848871358
0.14298363274428993
-0.009429866477148607
-0.133605611481471
0.14295272805611603
-0.00934641360072419
-0.13352313006180339
0.142920251499163
-0.009448966651689261
-0.1335540347499773
0.1430037043755874
-0.00936648526112549
-0.133586511365138
0.14290115138283
-0.009397389891091734
-0.1335030585178174
0.1429836328024976
-0.009429866448044777
-0.13360561151057482
0.14295272808521986
-0.00934641360072419
-0.13352313009090722
0.14292025152826682
-0.0094489665934816
-0.13355403480818495
0.1430037043755874
-0.00936648529022932
-0.133586511365138
0.14290115126641467
-0.009397389949299395
-0.13350305845960975
0.14298363274428993
-0.009429866506252438
-0.13360561145236716
0.1429527280270122
-0.00934641360072419
-0.13352313003269956
0.14292025147005916
-0.009448966651689261
-0.1335540347499773
0.1430037043755874
-0.00936648529022932
-0.133586511365138
0.14290115126641467
-0.009397389949299395
-0.1335030585178174
0.1429836328024976
-0.009429866448044777
-0.13360561151057482
0.1429527280270122
-0.00934641360072419
-0.13352313009090722
0.14292025147005916
-0.0094489665934816
-0.13355403480818495
0.1430037043755874
-0.00936648523202166
-0.13358651130693033
0.14290115126641467
-0.009397389891091734
-0.13350305840140209
0.1429836328024976
-0.009429866506252438
-0.13360561145236716
0.1429527280270122
-0.00934641360072419
-0.13352313009090722
0.14292025147005916
-0.009448966651689261
-0.1335540347499773
0.14300370431737974
-0.00936648529022932
-0.133586511365138
0.14290115138283
-0.009397389949299395
-0.13350305840140209
0.14298363274428993
-0.009429866506252438
-0.13360561145236716
0.1429527280270122
-0.00934641360072419
-0.1335231299744919
0.14292025135364383
-0.009448966709896922
-0.1335540348663926
0.14300370425917208
-0.009366485173813999
-0.13358651124872267
0.142901151208207
-0.009397390065714717
-0.13350305845960975
0.14298363274428993
-0.009429866564460099
-0.1336056113941595
0.14295272808521986
-0.009346413775347173
-0.1335231299744919
0.14292025158647448
-0.0094489665934816
-0.13355403463356197
0.1430037043755874
-0.009366485173813999
-0.13358651124872267
0.14290115144103765
-0.009397389832884073
-0.13350305845960975
0.14298363286070526
-0.009429866448044777
-0.1336056113941595
0.14295272820163518
-0.009346413658931851
-0.1335231299744919
0.14292025158647448
-0.0094489665934816
-0.1335540347499773
0.1430037043755874
-0.009366485173813999
-0.13358651124872267
0.14290115144103765
-0.009397390065714717
-0.13350305845960975
0.14298363274428993
-0.009429866564460099
-0.13360561162699014
0.14295272796880454
-0.009346413658931851
-0.1335231299744919
0.14292025158647448
-0.0094489665934816
-0.1335540347499773
0.1430037043755874
-0.009366485173813999
-0.133586511365138
0.14290115132462233
-0.009397390065714717
-0.13350305845960975
0.1429836326278746
-0.009429866448044777
-0.1336056113941595
0.14295272796880454
-0.009346413658931851
-0.1335231299744919
0.14292025158647448
-0.0094489665934816
-0.1335540347499773
0.14300370449200273
-0.00936648529022932
-0.13358651148155332
0.14290115132462233
-0.009397390065714717
-0.13350305845960975
0.1429836326278746
-0.009429866448044777
-0.1336056113941595
0.14295272820163518
-0.009346413658931851
-0.1335231299744919
0.14292025158647448
-0.0094489665934816
-0.1335540347499773
0.14300370425917208
-0.009366485173813999
-0.133586511365138
0.14290115132462233
-0.009397390065714717
-0.13350305845960975
0.14298363274428993
-0.009429866564460099
-0.13360561162699014
0.14295272796880454
-0.009346413658931851
-0.13352313020732254
0.14292025135364383
-0.0094489665934816
-0.13355403463356197
0.1430037043755874
-0.009366485173813999
-0.13358651124872267
0.142901151208207
-0.009397389949299395
-0.13350305845960975
0.14298363286070526
-0.00942986668087542
-0.13360561127774417
0.14295272785238922
-0.009346413426101208
-0.13352313009090722
0.1429202512372285
-0.009448966709896922
-0.13355403463356197
0.14300370449200273
-0.009366485057398677
-0.13358651124872267
0.142901151208207
-0.00939739029854536
-0.13350305845960975
0.14298363286070526
-0.00942986668087542
-0.13360561174340546
0.14295272808521986
-0.009346413891762495
-0.13352312985807657
0.1429202517028898
-0.009448966477066278
-0.1335540348663926
0.14300370425917208
-0.009366485057398677
-0.13358651124872267
0.14290115097537637
-0.00939739029854536
-0.13350305845960975
0.14298363286070526
-0.00942986668087542
-0.13360561174340546
0.14295272808521986
-0.009346413891762495
-0.13352313032373786
0.1429202517028898
-0.009448966477066278
-0.1335540348663926
0.14300370425917208
-0.009366485057398677
-0.13358651124872267
0.14290115144103765
-0.009397389832884073
-0.13350305845960975
0.14298363286070526
-0.00942986668087542
-0.13360561127774417
0.14295272785238922
-0.009346413426101208
-0.13352312985807657
0.14292025147005916
-0.009448966709896922
-0.1335540348663926
0.14300370449200273
-0.00936648529022932
-0.13358651124872267
0.14290115144103765
-0.009397389832884073
-0.13350305845960975
0.1429836326278746
-0.009429866215214133
-0.13360561151057482
0.14295272808521986
-0.009346413891762495
-0.13352312985807657
0.14292025147005916
-0.009448966477066278
-0.1335540348663926
0.14300370425917208
-0.00936648529022932
-0.13358651124872267
0.14290115144103765
-0.009397389832884073
-0.13350305845960975
0.14298363239504397
-0.009429866448044777
-0.13360561174340546
0.14295272808521986
-0.009346413426101208
-0.13352313009090722
0.14292025147005916
-0.009448966709896922
-0.1335540348663926
0.14300370425917208
-0.009366485057398677
-0.13358651124872267
0.14290115144103765
-0.009397389832884073
-0.1335030582267791
0.14298363286070526
-0.009429866215214133
-0.13360561151057482
0.14295272808521986
-0.009346413426101208
-0.13352312985807657
0.14292025147005916
-0.009448966709896922
-0.1335540348663926
0.14300370425917208
-0.009366485057398677
-0.13358651124872267
0.14290115144103765
-0.009397389832884073
-0.1335030582267791
0.1429836326278746
-0.009429866448044777
-0.13360561174340546
0.14295272808521986
-0.009346413426101208
-0.13352312985807657
0.14292025147005916
-0.009448966709896922
-0.13355403463356197
0.14300370425917208
-0.009366485057398677
-0.13358651124872267
0.14290115144103765
-0.009397389832884073
-0.1335030582267791
0.14298363286070526
-0.009429866215214133
-0.13360561151057482
0.14295272808521986
-0.009346413891762495
-0.13352312985807657
0.14292025147005916
-0.009448966709896922
-0.13355403440073133
0.14300370449200273
-0.009366485057398677
-0.13358651124872267
0.142901151208207
-0.00939739029854536
-0.13350305845960975
0.14298363286070526
-0.00942986668087542
-0.13360561174340546
0.14295272855088115
-0.009346413891762495
-0.13352313032373786
0.14292025147005916
-0.009448966942727566
-0.1335540353320539
0.14300370449200273
-0.00936648529022932
-0.13358651148155332
0.14290115190669894
-0.009397389367222786
-0.13350305799394846
0.1429836326278746
-0.00942986598238349
-0.1336056119762361
0.14295272761955857
-0.009346413891762495
-0.13352313032373786
0.14292025147005916
-0.009448966011404991
-0.13355403440073133
0.14300370402634144
-0.00936648529022932
-0.13358651101589203
0.14290115097537637
-0.00939739029854536
-0.13350305845960975
0.1429836326278746
-0.009429866448044777
-0.13360561104491353
0.14295272855088115
-0.009346413891762495
-0.13352313032373786
0.14292025147005916
-0.009448966942727566
-0.1335540353320539
0.14300370402634144
-0.00936648529022932
-0.13358651148155332
0.14290115190669894
-0.009397389367222786
-0.13350305799394846
0.1429836326278746
-0.009429866448044777
-0.1336056119762361
0.14295272761955857
-0.009346413891762495
-0.13352312939241529
0.14292025147005916
-0.009448966477066278
-0.13355403440073133
0.143003704957664
-0.00936648529022932
-0.13358651148155332
0.14290115097537637
-0.00939739029854536
-0.13350305892527103
0.14298363216221333
-0.009429866913706064
-0.13360561151057482
0.14295272855088115
-0.00934641296043992
-0.13352313032373786
0.14292025147005916
-0.009448966942727566
-0.13355403440073133
0.14300370402634144
-0.009366485755890608
-0.13358651148155332
0.14290115190669894
-0.009397389367222786
-0.13350305799394846
0.1429836326278746
-0.009429866448044777
-0.1336056119762361
0.14295272761955857
-0.009346413891762495
-0.13352313032373786
0.14292025147005916
-0.009448966011404991
-0.13355403440073133
0.14300370402634144
-0.009366484824568033
-0.13358651101589203
0.14290115097537637
-0.00939739029854536
-0.13350305799394846
0.1429836326278746
-0.009429866448044777
-0.1336056119762361
0.14295272761955857
-0.009346413426101208
-0.13352313032373786
0.14292025147005916
-0.009448966942727566
-0.13355403440073133
0.14300370402634144
-0.009366485755890608
-0.13358651148155332
0.14290115190669894
-0.009397389367222786
-0.13350305799394846
0.1429836330935359
-0.009429866913706064
-0.13360561151057482
0.14295272808521986
-0.00934641296043992
-0.13352313032373786
0.14292025147005916
-0.009448966942727566
-0.1335540353320539
0.14300370449200273
-0.00936648529022932
-0.13358651148155332
0.14290115097537637
-0.00939739029854536
-0.13350305892527103
0.1429836326278746
-0.009429866448044777
-0.13360561104491353
0.14295272855088115
-0.009346413891762495
-0.13352312985807657
0.14292025100439787
-0.009448966477066278
-0.13355403440073133
0.143003704957664
-0.00936648529022932
-0.13358651101589203
0.14290115097537637
-0.00939739029854536
-0.13350305799394846
0.1429836326278746
-0.009429866448044777
-0.1336056119762361
0.14295272761955857
-0.009346413891762495
-0.13352312939241529
0.14292025147005916
-0.009448966011404991
-0.13355403440073133
0.14300370402634144
-0.009366484824568033
-0.13358651101589203
0.14290115097537637
-0.00939739029854536
-0.13350305799394846
0.1429836326278746
-0.009429866448044777
-0.1336056119762361
0.14295272761955857
-0.009346413891762495
-0.13352312939241529
0.14292025147005916
-0.009448966477066278
-0.13355403440073133
0.143003704957664
-0.00936648529022932
-0.13358651101589203
0.14290115097537637
-0.00939739029854536
-0.13350305892527103
0.1429836326278746
-0.009429866448044777
-0.13360561104491353
0.14295272855088115
-0.009346413891762495
-0.13352313032373786
0.14292025193572044
-0.009448966942727566
-0.1335540353320539
0.14300370449200273
-0.00936648529022932
-0.13358651148155332
0.14290115190669894
-0.009397389367222786
-0.13350305799394846
0.1429836330935359
-0.00942986598238349
-0.1336056119762361
0.14295272761955857
-0.009346413891762495
-0.13352312939241529
0.14292025147005916
-0.009448966477066278
-0.13355403440073133
0.143003704957664
-0.00936648529022932
-0.13358651148155332
0.14290115097537637
-0.00939739029854536
-0.13350305892527103
0.1429836330935359
-0.009429866913706064
-0.13360561151057482
0.14295272761955857
-0.009346414357423782
-0.13352312985807657
0.14292025193572044
-0.00944896787405014
-0.1335540348663926
0.143003704957664
-0.009366484358906746
-0.13358651101589203
0.14290115237236023
-0.009397389367222786
-0.13350305892527103
0.1429836330935359
-0.009429867379367352
-0.13360561057925224
0.14295272808521986
-0.009346412494778633
-0.13352313078939915
0.14292025193572044
-0.00944896787405014
-0.1335540348663926
0.14300370402634144
-0.00936648529022932
-0.13358651101589203
0.14290115237236023
-0.009397389367222786
-0.13350305892527103
0.14298363216221333
-0.009429866448044777
-0.13360561151057482
0.14295272808521986
-0.009346413426101208
-0.13352313078939915
0.14292025193572044
-0.009448966011404991
-0.1335540348663926
0.14300370402634144
-0.00936648529022932
-0.13358651101589203
0.14290115144103765
-0.009397389367222786
-0.13350305892527103
0.14298363216221333
-0.009429866448044777
-0.13360561151057482
0.14295272808521986
-0.009346413426101208
-0.13352313078939915
0.14292025193572044
-0.00944896787405014
-0.1335540348663926
0.14300370402634144
-0.00936648529022932
-0.13358651101589203
0.14290115237236023
-0.009397389367222786
-0.13350305892527103
0.1429836330935359
-0.009429867379367352
-0.13360561057925224
0.14295272808521986
-0.009346412494778633
-0.13352313078939915
0.14292025193572044
-0.00944896787405014
-0.1335540348663926
0.143003704957664
-0.009366484358906746
-0.13358651101589203
0.14290115050971508
-0.009397391229867935
-0.13350305892527103
0.1429836330935359
-0.009429866448044777
-0.13360561057925224
0.14295272901654243
-0.009346414357423782
-0.13352312985807657
0.14292025100439787
-0.009448966942727566
-0.13355403393507004
0.14300370402634144
-0.009366484358906746
-0.13358651101589203
0.14290115050971508
-0.009397391229867935
-0.13350305706262589
0.1429836330935359
-0.009429866448044777
-0.1336056124418974
0.14295272715389729
-0.009346413426101208
-0.13352312985807657
0.14292025100439787
-0.009448966011404991
-0.1335540357977152
0.14300370402634144
-0.009366486221551895
-0.1335865119472146
0.14290115144103765
-0.009397389367222786
-0.13350305892527103
0.14298363123089075
-0.009429866448044777
-0.13360561151057482
0.14295272808521986
-0.009346413426101208
-0.13352312985807657
0.14292025193572044
-0.009448966011404991
-0.1335540348663926
0.14300370402634144
-0.00936648529022932
-0.13358651101589203
0.14290115237236023
-0.009397389367222786
-0.13350305892527103
0.1429836330935359
-0.009429865516722202
-0.13360561057925224
0.14295272808521986
-0.009346412494778633
-0.13352313078939915
0.14292025193572044
-0.00944896787405014
-0.1335540348663926
0.1430037058889866
-0.009366484358906746
-0.13358651101589203
0.14290115050971508
-0.009397391229867935
-0.13350305799394846
0.1429836330935359
-0.009429866448044777
-0.13360561057925224
0.14295272715389729
-0.009346414357423782
-0.13352312985807657
0.14292025100439787
-0.009448966011404991
-0.13355403393507004
0.14300370402634144
-0.009366486221551895
-0.1335865119472146
0.14290115144103765
-0.009397389367222786
-0.13350305892527103
0.1429836330935359
-0.009429866448044777
-0.1336056124418974
0.14295272808521986
-0.009346413426101208
-0.13352312985807657
0.14292025193572044
-0.009448966011404991
-0.1335540357977152
0.14300370402634144
-0.009366486221551895
-0.1335865119472146
0.14290115144103765
-0.010403635911643505
-0.13142948877066374
0.14710537437349558
0.040012460201978683
0.21616417728364468
-0.09162241965532303
